# --------------------------------------------------
#      SOLUTION
# 
# --------------------------------------------------
# 
# |time|node 0|...|node n|
# 
0.00000e+00 3.73150e+02
5.00050e+01 3.42386e+02
1.00010e+02 3.31143e+02
1.50015e+02 3.26826e+02
2.00020e+02 3.25010e+02
2.50025e+02 3.24107e+02
3.00030e+02 3.23551e+02
3.50035e+02 3.23141e+02
4.00040e+02 3.22805e+02
4.50045e+02 3.22517e+02
5.00050e+02 3.22265e+02
5.50055e+02 3.22045e+02
6.00060e+02 3.21853e+02
6.50065e+02 3.21687e+02
7.00070e+02 3.21541e+02
7.50075e+02 3.21411e+02
8.00080e+02 3.21295e+02
8.50085e+02 3.21188e+02
9.00090e+02 3.21090e+02
9.50095e+02 3.20999e+02
1.00010e+03 3.20914e+02
1.05011e+03 3.20833e+02
1.10011e+03 3.20756e+02
1.15012e+03 3.20682e+02
1.20012e+03 3.20612e+02
1.25013e+03 3.20544e+02
1.30013e+03 3.20478e+02
1.35014e+03 3.20415e+02
1.40014e+03 3.20353e+02
1.45015e+03 3.20293e+02
1.50015e+03 3.20234e+02
1.55016e+03 3.20176e+02
1.60016e+03 3.20120e+02
1.65017e+03 3.20065e+02
1.70017e+03 3.20010e+02
1.75018e+03 3.19957e+02
1.80018e+03 3.19904e+02
1.85019e+03 3.19852e+02
1.90019e+03 3.19800e+02
1.95020e+03 3.19749e+02
2.00020e+03 3.19698e+02
2.05021e+03 3.19648e+02
2.10021e+03 3.19598e+02
2.15022e+03 3.19549e+02
2.20022e+03 3.19499e+02
2.25023e+03 3.19450e+02
2.30023e+03 3.19401e+02
2.35024e+03 3.19352e+02
2.40024e+03 3.19303e+02
2.45025e+03 3.19254e+02
2.50025e+03 3.19205e+02
2.55026e+03 3.19156e+02
2.60026e+03 3.19106e+02
2.65027e+03 3.19057e+02
2.70027e+03 3.19007e+02
2.75028e+03 3.18957e+02
2.80028e+03 3.18906e+02
2.85029e+03 3.18855e+02
2.90029e+03 3.18804e+02
2.95030e+03 3.18752e+02
3.00030e+03 3.18699e+02
3.05031e+03 3.18646e+02
3.10031e+03 3.18591e+02
3.15032e+03 3.18536e+02
3.20032e+03 3.18480e+02
3.25033e+03 3.18423e+02
3.30033e+03 3.18364e+02
3.35034e+03 3.18304e+02
3.40034e+03 3.18242e+02
3.45035e+03 3.18178e+02
3.50035e+03 3.18112e+02
3.55036e+03 3.18044e+02
3.60036e+03 3.17973e+02
3.65037e+03 3.17898e+02
3.70037e+03 3.17821e+02
3.75038e+03 3.17738e+02
3.80038e+03 3.17651e+02
3.85039e+03 3.17557e+02
3.90039e+03 3.17455e+02
3.95040e+03 3.17344e+02
4.00040e+03 3.17220e+02
4.05041e+03 3.17079e+02
4.10041e+03 3.16916e+02
4.15042e+03 3.16728e+02
4.20042e+03 3.16516e+02
4.25043e+03 3.16292e+02
4.30043e+03 3.16067e+02
4.35044e+03 3.15844e+02
4.40044e+03 3.15624e+02
4.45045e+03 3.15409e+02
4.50045e+03 3.15197e+02
4.55046e+03 3.14990e+02
4.60046e+03 3.14788e+02
4.65047e+03 3.14589e+02
4.70047e+03 3.14394e+02
4.75048e+03 3.14204e+02
4.80048e+03 3.14017e+02
4.85049e+03 3.13834e+02
4.90049e+03 3.13654e+02
4.95050e+03 3.13479e+02
5.00050e+03 3.13307e+02
5.05051e+03 3.13138e+02
5.10051e+03 3.12973e+02
5.15052e+03 3.12811e+02
5.20052e+03 3.12652e+02
5.25053e+03 3.12497e+02
5.30053e+03 3.12345e+02
5.35054e+03 3.12196e+02
5.40054e+03 3.12050e+02
5.45055e+03 3.11907e+02
5.50055e+03 3.11766e+02
5.55056e+03 3.11629e+02
5.60056e+03 3.11495e+02
5.65057e+03 3.11363e+02
5.70057e+03 3.11234e+02
5.75058e+03 3.11107e+02
5.80058e+03 3.10983e+02
5.85059e+03 3.10862e+02
5.90059e+03 3.10743e+02
5.95060e+03 3.10626e+02
6.00060e+03 3.10512e+02
6.05061e+03 3.10400e+02
6.10061e+03 3.10290e+02
6.15062e+03 3.10183e+02
6.20062e+03 3.10078e+02
6.25063e+03 3.09975e+02
6.30063e+03 3.09874e+02
6.35064e+03 3.09775e+02
6.40064e+03 3.09678e+02
6.45065e+03 3.09583e+02
6.50065e+03 3.09490e+02
6.55066e+03 3.09399e+02
6.60066e+03 3.09309e+02
6.65067e+03 3.09222e+02
6.70067e+03 3.09136e+02
6.75068e+03 3.09052e+02
6.80068e+03 3.08970e+02
6.85069e+03 3.08889e+02
6.90069e+03 3.08810e+02
6.95070e+03 3.08733e+02
7.00070e+03 3.08657e+02
7.05071e+03 3.08583e+02
7.10071e+03 3.08510e+02
7.15072e+03 3.08439e+02
7.20072e+03 3.08369e+02
7.25073e+03 3.08301e+02
7.30073e+03 3.08234e+02
7.35074e+03 3.08168e+02
7.40074e+03 3.08104e+02
7.45075e+03 3.08041e+02
7.50075e+03 3.07979e+02
7.55076e+03 3.07919e+02
7.60076e+03 3.07859e+02
7.65077e+03 3.07801e+02
7.70077e+03 3.07744e+02
7.75078e+03 3.07689e+02
7.80078e+03 3.07634e+02
7.85079e+03 3.07581e+02
7.90079e+03 3.07528e+02
7.95080e+03 3.07477e+02
8.00080e+03 3.07427e+02
8.05081e+03 3.07377e+02
8.10081e+03 3.07329e+02
8.15082e+03 3.07282e+02
8.20082e+03 3.07235e+02
8.25083e+03 3.07190e+02
8.30083e+03 3.07146e+02
8.35084e+03 3.07102e+02
8.40084e+03 3.07059e+02
8.45085e+03 3.07018e+02
8.50085e+03 3.06977e+02
8.55086e+03 3.06936e+02
8.60086e+03 3.06897e+02
8.65087e+03 3.06859e+02
8.70087e+03 3.06821e+02
8.75088e+03 3.06784e+02
8.80088e+03 3.06748e+02
8.85089e+03 3.06712e+02
8.90089e+03 3.06678e+02
8.95090e+03 3.06643e+02
9.00090e+03 3.06610e+02
9.05091e+03 3.06577e+02
9.10091e+03 3.06545e+02
9.15092e+03 3.06514e+02
9.20092e+03 3.06483e+02
9.25093e+03 3.06453e+02
9.30093e+03 3.06424e+02
9.35094e+03 3.06395e+02
9.40094e+03 3.06367e+02
9.45095e+03 3.06339e+02
9.50095e+03 3.06312e+02
9.55096e+03 3.06285e+02
9.60096e+03 3.06259e+02
9.65097e+03 3.06233e+02
9.70097e+03 3.06208e+02
9.75098e+03 3.06184e+02
9.80098e+03 3.06160e+02
9.85099e+03 3.06136e+02
9.90099e+03 3.06113e+02
9.95100e+03 3.06091e+02
1.00010e+04 3.06068e+02
1.00510e+04 3.06047e+02
1.01010e+04 3.06025e+02
1.01510e+04 3.06005e+02
1.02010e+04 3.05984e+02
1.02510e+04 3.05964e+02
1.03010e+04 3.05945e+02
1.03510e+04 3.05926e+02
1.04010e+04 3.05907e+02
1.04510e+04 3.05888e+02
1.05011e+04 3.05870e+02
1.05511e+04 3.05853e+02
1.06011e+04 3.05835e+02
1.06511e+04 3.05818e+02
1.07011e+04 3.05802e+02
1.07511e+04 3.05785e+02
1.08011e+04 3.05770e+02
1.08511e+04 3.05754e+02
1.09011e+04 3.05739e+02
1.09511e+04 3.05724e+02
1.10011e+04 3.05709e+02
1.10511e+04 3.05695e+02
1.11011e+04 3.05680e+02
1.11511e+04 3.05667e+02
1.12011e+04 3.05653e+02
1.12511e+04 3.05640e+02
1.13011e+04 3.05627e+02
1.13511e+04 3.05614e+02
1.14011e+04 3.05602e+02
1.14511e+04 3.05589e+02
1.15012e+04 3.05577e+02
1.15512e+04 3.05566e+02
1.16012e+04 3.05554e+02
1.16512e+04 3.05543e+02
1.17012e+04 3.05532e+02
1.17512e+04 3.05521e+02
1.18012e+04 3.05511e+02
1.18512e+04 3.05500e+02
1.19012e+04 3.05490e+02
1.19512e+04 3.05480e+02
1.20012e+04 3.05470e+02
1.20512e+04 3.05461e+02
1.21012e+04 3.05452e+02
1.21512e+04 3.05442e+02
1.22012e+04 3.05433e+02
1.22512e+04 3.05425e+02
1.23012e+04 3.05416e+02
1.23512e+04 3.05408e+02
1.24012e+04 3.05399e+02
1.24512e+04 3.05391e+02
1.25013e+04 3.05383e+02
1.25513e+04 3.05375e+02
1.26013e+04 3.05368e+02
1.26513e+04 3.05360e+02
1.27013e+04 3.05353e+02
1.27513e+04 3.05346e+02
1.28013e+04 3.05339e+02
1.28513e+04 3.05332e+02
1.29013e+04 3.05325e+02
1.29513e+04 3.05319e+02
1.30013e+04 3.05312e+02
1.30513e+04 3.05306e+02
1.31013e+04 3.05300e+02
1.31513e+04 3.05294e+02
1.32013e+04 3.05288e+02
1.32513e+04 3.05282e+02
1.33013e+04 3.05276e+02
1.33513e+04 3.05270e+02
1.34013e+04 3.05265e+02
1.34513e+04 3.05260e+02
1.35014e+04 3.05254e+02
1.35514e+04 3.05249e+02
1.36014e+04 3.05244e+02
1.36514e+04 3.05239e+02
1.37014e+04 3.05234e+02
1.37514e+04 3.05230e+02
1.38014e+04 3.05225e+02
1.38514e+04 3.05220e+02
1.39014e+04 3.05216e+02
1.39514e+04 3.05211e+02
1.40014e+04 3.05207e+02
1.40514e+04 3.05203e+02
1.41014e+04 3.05199e+02
1.41514e+04 3.05195e+02
1.42014e+04 3.05191e+02
1.42514e+04 3.05187e+02
1.43014e+04 3.05183e+02
1.43514e+04 3.05179e+02
1.44014e+04 3.05176e+02
1.44514e+04 3.05172e+02
1.45015e+04 3.05169e+02
1.45515e+04 3.05165e+02
1.46015e+04 3.05162e+02
1.46515e+04 3.05159e+02
1.47015e+04 3.05155e+02
1.47515e+04 3.05152e+02
1.48015e+04 3.05149e+02
1.48515e+04 3.05146e+02
1.49015e+04 3.05143e+02
1.49515e+04 3.05140e+02
1.50015e+04 3.05138e+02
1.50515e+04 3.05135e+02
1.51015e+04 3.05132e+02
1.51515e+04 3.05129e+02
1.52015e+04 3.05127e+02
1.52515e+04 3.05124e+02
1.53015e+04 3.05122e+02
1.53515e+04 3.05119e+02
1.54015e+04 3.05117e+02
1.54515e+04 3.05114e+02
1.55016e+04 3.05112e+02
1.55516e+04 3.05110e+02
1.56016e+04 3.05108e+02
1.56516e+04 3.05105e+02
1.57016e+04 3.05103e+02
1.57516e+04 3.05101e+02
1.58016e+04 3.05099e+02
1.58516e+04 3.05097e+02
1.59016e+04 3.05095e+02
1.59516e+04 3.05093e+02
1.60016e+04 3.05091e+02
1.60516e+04 3.05089e+02
1.61016e+04 3.05088e+02
1.61516e+04 3.05086e+02
1.62016e+04 3.05084e+02
1.62516e+04 3.05082e+02
1.63016e+04 3.05081e+02
1.63516e+04 3.05079e+02
1.64016e+04 3.05077e+02
1.64516e+04 3.05076e+02
1.65017e+04 3.05074e+02
1.65517e+04 3.05073e+02
1.66017e+04 3.05071e+02
1.66517e+04 3.05070e+02
1.67017e+04 3.05069e+02
1.67517e+04 3.05067e+02
1.68017e+04 3.05066e+02
1.68517e+04 3.05064e+02
1.69017e+04 3.05063e+02
1.69517e+04 3.05062e+02
1.70017e+04 3.05061e+02
1.70517e+04 3.05059e+02
1.71017e+04 3.05058e+02
1.71517e+04 3.05057e+02
1.72017e+04 3.05056e+02
1.72517e+04 3.05055e+02
1.73017e+04 3.05054e+02
1.73517e+04 3.05053e+02
1.74017e+04 3.05051e+02
1.74517e+04 3.05050e+02
1.75018e+04 3.05049e+02
1.75518e+04 3.05048e+02
1.76018e+04 3.05047e+02
1.76518e+04 3.05046e+02
1.77018e+04 3.05045e+02
1.77518e+04 3.05045e+02
1.78018e+04 3.05044e+02
1.78518e+04 3.05043e+02
1.79018e+04 3.05042e+02
1.79518e+04 3.05041e+02
1.80018e+04 3.05040e+02
1.80518e+04 3.05039e+02
1.81018e+04 3.05039e+02
1.81518e+04 3.05038e+02
1.82018e+04 3.05037e+02
1.82518e+04 3.05036e+02
1.83018e+04 3.05036e+02
1.83518e+04 3.05035e+02
1.84018e+04 3.05034e+02
1.84518e+04 3.05033e+02
1.85019e+04 3.05033e+02
1.85519e+04 3.05032e+02
1.86019e+04 3.05031e+02
1.86519e+04 3.05031e+02
1.87019e+04 3.05030e+02
1.87519e+04 3.05030e+02
1.88019e+04 3.05029e+02
1.88519e+04 3.05028e+02
1.89019e+04 3.05028e+02
1.89519e+04 3.05027e+02
1.90019e+04 3.05027e+02
1.90519e+04 3.05026e+02
1.91019e+04 3.05026e+02
1.91519e+04 3.05025e+02
1.92019e+04 3.05025e+02
1.92519e+04 3.05024e+02
1.93019e+04 3.05024e+02
1.93519e+04 3.05023e+02
1.94019e+04 3.05023e+02
1.94519e+04 3.05022e+02
1.95020e+04 3.05022e+02
1.95520e+04 3.05021e+02
1.96020e+04 3.05021e+02
1.96520e+04 3.05020e+02
1.97020e+04 3.05020e+02
1.97520e+04 3.05020e+02
1.98020e+04 3.05019e+02
1.98520e+04 3.05019e+02
1.99020e+04 3.05018e+02
1.99520e+04 3.05018e+02
