# --------------------------------------------------
#      SOLUTION
# 
# --------------------------------------------------
# 
# |time|node 0|...|node n|
# 
0.00000e+00 3.73150e+02 3.73150e+02 3.73150e+02 3.73150e+02 3.73150e+02 3.73150e+02 3.73150e+02 3.73150e+02 3.73150e+02 3.73150e+02 3.73150e+02 3.73150e+02 3.73150e+02 3.73150e+02 3.73150e+02 3.73150e+02 3.73150e+02
5.00050e+01 3.42386e+02 3.69468e+02 3.70394e+02 3.71070e+02 3.71575e+02 3.71957e+02 3.72248e+02 3.72470e+02 3.72640e+02 3.72768e+02 3.72864e+02 3.72936e+02 3.72987e+02 3.73024e+02 3.73047e+02 3.73061e+02 3.73065e+02
1.00010e+02 3.31143e+02 3.66669e+02 3.67915e+02 3.68870e+02 3.69625e+02 3.70232e+02 3.70723e+02 3.71124e+02 3.71450e+02 3.71715e+02 3.71928e+02 3.72096e+02 3.72225e+02 3.72320e+02 3.72385e+02 3.72422e+02 3.72434e+02
1.50015e+02 3.26826e+02 3.64807e+02 3.66149e+02 3.67194e+02 3.68034e+02 3.68720e+02 3.69287e+02 3.69757e+02 3.70147e+02 3.70468e+02 3.70731e+02 3.70941e+02 3.71106e+02 3.71228e+02 3.71312e+02 3.71361e+02 3.71376e+02
2.00020e+02 3.25010e+02 3.63363e+02 3.64722e+02 3.65786e+02 3.66645e+02 3.67352e+02 3.67939e+02 3.68429e+02 3.68838e+02 3.69177e+02 3.69456e+02 3.69680e+02 3.69856e+02 3.69987e+02 3.70077e+02 3.70130e+02 3.70147e+02
2.50025e+02 3.24107e+02 3.62117e+02 3.63460e+02 3.64511e+02 3.65363e+02 3.66065e+02 3.66650e+02 3.67139e+02 3.67549e+02 3.67890e+02 3.68170e+02 3.68396e+02 3.68573e+02 3.68706e+02 3.68798e+02 3.68851e+02 3.68868e+02
3.00030e+02 3.23551e+02 3.61013e+02 3.62329e+02 3.63350e+02 3.64174e+02 3.64855e+02 3.65424e+02 3.65901e+02 3.66301e+02 3.66634e+02 3.66908e+02 3.67130e+02 3.67304e+02 3.67434e+02 3.67524e+02 3.67576e+02 3.67593e+02
3.50035e+02 3.23141e+02 3.60030e+02 3.61319e+02 3.62305e+02 3.63093e+02 3.63740e+02 3.64281e+02 3.64735e+02 3.65116e+02 3.65435e+02 3.65697e+02 3.65909e+02 3.66076e+02 3.66201e+02 3.66288e+02 3.66338e+02 3.66354e+02
4.00040e+02 3.22805e+02 3.59155e+02 3.60420e+02 3.61377e+02 3.62131e+02 3.62742e+02 3.63247e+02 3.63669e+02 3.64023e+02 3.64319e+02 3.64563e+02 3.64762e+02 3.64918e+02 3.65035e+02 3.65116e+02 3.65163e+02 3.65178e+02
4.50045e+02 3.22517e+02 3.58380e+02 3.59625e+02 3.60562e+02 3.61292e+02 3.61875e+02 3.62349e+02 3.62738e+02 3.63060e+02 3.63327e+02 3.63546e+02 3.63723e+02 3.63862e+02 3.63967e+02 3.64039e+02 3.64082e+02 3.64095e+02
5.00050e+02 3.22265e+02 3.57698e+02 3.58928e+02 3.59852e+02 3.60568e+02 3.61136e+02 3.61593e+02 3.61963e+02 3.62266e+02 3.62512e+02 3.62711e+02 3.62870e+02 3.62993e+02 3.63085e+02 3.63148e+02 3.63184e+02 3.63196e+02
5.50055e+02 3.22045e+02 3.57104e+02 3.58323e+02 3.59241e+02 3.59953e+02 3.60517e+02 3.60969e+02 3.61336e+02 3.61633e+02 3.61874e+02 3.62068e+02 3.62221e+02 3.62340e+02 3.62428e+02 3.62488e+02 3.62523e+02 3.62534e+02
6.00060e+02 3.21853e+02 3.56591e+02 3.57801e+02 3.58716e+02 3.59428e+02 3.59994e+02 3.60448e+02 3.60816e+02 3.61114e+02 3.61356e+02 3.61550e+02 3.61704e+02 3.61823e+02 3.61911e+02 3.61971e+02 3.62006e+02 3.62017e+02
6.50065e+02 3.21687e+02 3.56142e+02 3.57345e+02 3.58259e+02 3.58972e+02 3.59540e+02 3.59998e+02 3.60369e+02 3.60671e+02 3.60915e+02 3.61112e+02 3.61268e+02 3.61388e+02 3.61477e+02 3.61538e+02 3.61573e+02 3.61584e+02
7.00070e+02 3.21541e+02 3.55744e+02 3.56941e+02 3.57853e+02 3.58568e+02 3.59139e+02 3.59600e+02 3.59974e+02 3.60279e+02 3.60527e+02 3.60726e+02 3.60884e+02 3.61006e+02 3.61097e+02 3.61158e+02 3.61194e+02 3.61205e+02
7.50075e+02 3.21411e+02 3.55385e+02 3.56576e+02 3.57486e+02 3.58203e+02 3.58776e+02 3.59240e+02 3.59618e+02 3.59927e+02 3.60177e+02 3.60379e+02 3.60539e+02 3.60663e+02 3.60755e+02 3.60818e+02 3.60854e+02 3.60865e+02
8.00080e+02 3.21295e+02 3.55058e+02 3.56243e+02 3.57152e+02 3.57869e+02 3.58444e+02 3.58911e+02 3.59292e+02 3.59604e+02 3.59857e+02 3.60061e+02 3.60224e+02 3.60350e+02 3.60443e+02 3.60506e+02 3.60543e+02 3.60555e+02
8.50085e+02 3.21188e+02 3.54755e+02 3.55935e+02 3.56842e+02 3.57560e+02 3.58137e+02 3.58606e+02 3.58990e+02 3.59304e+02 3.59560e+02 3.59767e+02 3.59931e+02 3.60058e+02 3.60153e+02 3.60217e+02 3.60254e+02 3.60266e+02
9.00090e+02 3.21090e+02 3.54474e+02 3.55648e+02 3.56554e+02 3.57271e+02 3.57850e+02 3.58321e+02 3.58707e+02 3.59023e+02 3.59282e+02 3.59490e+02 3.59657e+02 3.59785e+02 3.59881e+02 3.59946e+02 3.59984e+02 3.59996e+02
9.50095e+02 3.20999e+02 3.54209e+02 3.55379e+02 3.56282e+02 3.57000e+02 3.57579e+02 3.58052e+02 3.58440e+02 3.58759e+02 3.59019e+02 3.59229e+02 3.59397e+02 3.59527e+02 3.59624e+02 3.59690e+02 3.59728e+02 3.59740e+02
1.00010e+03 3.20914e+02 3.53959e+02 3.55124e+02 3.56025e+02 3.56743e+02 3.57323e+02 3.57797e+02 3.58187e+02 3.58507e+02 3.58769e+02 3.58981e+02 3.59151e+02 3.59282e+02 3.59379e+02 3.59446e+02 3.59484e+02 3.59497e+02
1.05011e+03 3.20833e+02 3.53722e+02 3.54882e+02 3.55781e+02 3.56498e+02 3.57079e+02 3.57554e+02 3.57945e+02 3.58267e+02 3.58531e+02 3.58744e+02 3.58915e+02 3.59047e+02 3.59145e+02 3.59213e+02 3.59252e+02 3.59264e+02
1.10011e+03 3.20756e+02 3.53495e+02 3.54650e+02 3.55547e+02 3.56263e+02 3.56845e+02 3.57321e+02 3.57714e+02 3.58037e+02 3.58302e+02 3.58517e+02 3.58688e+02 3.58822e+02 3.58921e+02 3.58988e+02 3.59028e+02 3.59040e+02
1.15012e+03 3.20682e+02 3.53277e+02 3.54428e+02 3.55323e+02 3.56038e+02 3.56620e+02 3.57097e+02 3.57490e+02 3.57815e+02 3.58081e+02 3.58297e+02 3.58470e+02 3.58604e+02 3.58704e+02 3.58772e+02 3.58812e+02 3.58824e+02
1.20012e+03 3.20612e+02 3.53067e+02 3.54214e+02 3.55107e+02 3.55821e+02 3.56403e+02 3.56880e+02 3.57275e+02 3.57600e+02 3.57868e+02 3.58085e+02 3.58259e+02 3.58394e+02 3.58494e+02 3.58563e+02 3.58603e+02 3.58615e+02
1.25013e+03 3.20544e+02 3.52864e+02 3.54007e+02 3.54897e+02 3.55611e+02 3.56192e+02 3.56671e+02 3.57066e+02 3.57392e+02 3.57661e+02 3.57879e+02 3.58054e+02 3.58189e+02 3.58290e+02 3.58360e+02 3.58400e+02 3.58413e+02
1.30013e+03 3.20478e+02 3.52668e+02 3.53806e+02 3.54694e+02 3.55407e+02 3.55988e+02 3.56467e+02 3.56863e+02 3.57190e+02 3.57460e+02 3.57679e+02 3.57854e+02 3.57991e+02 3.58092e+02 3.58162e+02 3.58202e+02 3.58215e+02
1.35014e+03 3.20415e+02 3.52476e+02 3.53611e+02 3.54497e+02 3.55209e+02 3.55790e+02 3.56269e+02 3.56665e+02 3.56993e+02 3.57263e+02 3.57483e+02 3.57660e+02 3.57797e+02 3.57899e+02 3.57969e+02 3.58009e+02 3.58022e+02
1.40014e+03 3.20353e+02 3.52290e+02 3.53421e+02 3.54305e+02 3.55015e+02 3.55596e+02 3.56075e+02 3.56472e+02 3.56801e+02 3.57072e+02 3.57293e+02 3.57469e+02 3.57607e+02 3.57710e+02 3.57780e+02 3.57821e+02 3.57834e+02
1.45015e+03 3.20293e+02 3.52108e+02 3.53236e+02 3.54117e+02 3.54826e+02 3.55407e+02 3.55886e+02 3.56284e+02 3.56613e+02 3.56884e+02 3.57106e+02 3.57283e+02 3.57421e+02 3.57524e+02 3.57595e+02 3.57636e+02 3.57649e+02
1.50015e+03 3.20234e+02 3.51931e+02 3.53054e+02 3.53933e+02 3.54641e+02 3.55221e+02 3.55701e+02 3.56098e+02 3.56428e+02 3.56700e+02 3.56922e+02 3.57100e+02 3.57239e+02 3.57342e+02 3.57413e+02 3.57455e+02 3.57468e+02
1.55016e+03 3.20176e+02 3.51756e+02 3.52876e+02 3.53753e+02 3.54460e+02 3.55039e+02 3.55519e+02 3.55917e+02 3.56247e+02 3.56520e+02 3.56742e+02 3.56921e+02 3.57060e+02 3.57164e+02 3.57235e+02 3.57276e+02 3.57290e+02
1.60016e+03 3.20120e+02 3.51585e+02 3.52701e+02 3.53576e+02 3.54282e+02 3.54861e+02 3.55340e+02 3.55738e+02 3.56069e+02 3.56342e+02 3.56565e+02 3.56744e+02 3.56884e+02 3.56988e+02 3.57059e+02 3.57101e+02 3.57114e+02
1.65017e+03 3.20065e+02 3.51417e+02 3.52529e+02 3.53402e+02 3.54106e+02 3.54685e+02 3.55164e+02 3.55562e+02 3.55893e+02 3.56167e+02 3.56390e+02 3.56570e+02 3.56710e+02 3.56814e+02 3.56886e+02 3.56928e+02 3.56941e+02
1.70017e+03 3.20010e+02 3.51251e+02 3.52360e+02 3.53230e+02 3.53934e+02 3.54511e+02 3.54990e+02 3.55389e+02 3.55720e+02 3.55994e+02 3.56218e+02 3.56398e+02 3.56539e+02 3.56643e+02 3.56715e+02 3.56757e+02 3.56770e+02
1.75018e+03 3.19957e+02 3.51088e+02 3.52193e+02 3.53061e+02 3.53763e+02 3.54340e+02 3.54819e+02 3.55218e+02 3.55549e+02 3.55823e+02 3.56048e+02 3.56228e+02 3.56369e+02 3.56474e+02 3.56546e+02 3.56588e+02 3.56602e+02
1.80018e+03 3.19904e+02 3.50926e+02 3.52028e+02 3.52894e+02 3.53595e+02 3.54171e+02 3.54649e+02 3.55048e+02 3.55380e+02 3.55655e+02 3.55879e+02 3.56060e+02 3.56201e+02 3.56307e+02 3.56379e+02 3.56421e+02 3.56435e+02
1.85019e+03 3.19852e+02 3.50767e+02 3.51865e+02 3.52729e+02 3.53428e+02 3.54004e+02 3.54482e+02 3.54881e+02 3.55213e+02 3.55488e+02 3.55713e+02 3.55894e+02 3.56035e+02 3.56141e+02 3.56214e+02 3.56256e+02 3.56269e+02
1.90019e+03 3.19800e+02 3.50609e+02 3.51703e+02 3.52565e+02 3.53263e+02 3.53838e+02 3.54316e+02 3.54714e+02 3.55047e+02 3.55322e+02 3.55547e+02 3.55729e+02 3.55871e+02 3.55977e+02 3.56049e+02 3.56092e+02 3.56105e+02
1.95020e+03 3.19749e+02 3.50452e+02 3.51543e+02 3.52403e+02 3.53099e+02 3.53673e+02 3.54151e+02 3.54550e+02 3.54882e+02 3.55158e+02 3.55383e+02 3.55565e+02 3.55707e+02 3.55813e+02 3.55886e+02 3.55929e+02 3.55942e+02
2.00020e+03 3.19698e+02 3.50297e+02 3.51385e+02 3.52242e+02 3.52937e+02 3.53510e+02 3.53988e+02 3.54386e+02 3.54719e+02 3.54994e+02 3.55220e+02 3.55402e+02 3.55545e+02 3.55651e+02 3.55724e+02 3.55767e+02 3.55780e+02
2.05021e+03 3.19648e+02 3.50143e+02 3.51227e+02 3.52082e+02 3.52776e+02 3.53348e+02 3.53825e+02 3.54223e+02 3.54556e+02 3.54832e+02 3.55058e+02 3.55241e+02 3.55383e+02 3.55490e+02 3.55563e+02 3.55606e+02 3.55619e+02
2.10021e+03 3.19598e+02 3.49989e+02 3.51070e+02 3.51923e+02 3.52615e+02 3.53187e+02 3.53663e+02 3.54062e+02 3.54394e+02 3.54670e+02 3.54897e+02 3.55080e+02 3.55222e+02 3.55329e+02 3.55403e+02 3.55445e+02 3.55459e+02
2.15022e+03 3.19549e+02 3.49836e+02 3.50914e+02 3.51764e+02 3.52455e+02 3.53026e+02 3.53502e+02 3.53900e+02 3.54233e+02 3.54509e+02 3.54736e+02 3.54919e+02 3.55062e+02 3.55169e+02 3.55243e+02 3.55286e+02 3.55299e+02
2.20022e+03 3.19499e+02 3.49684e+02 3.50758e+02 3.51607e+02 3.52296e+02 3.52866e+02 3.53342e+02 3.53740e+02 3.54073e+02 3.54349e+02 3.54576e+02 3.54759e+02 3.54902e+02 3.55010e+02 3.55083e+02 3.55126e+02 3.55140e+02
2.25023e+03 3.19450e+02 3.49533e+02 3.50603e+02 3.51449e+02 3.52137e+02 3.52706e+02 3.53182e+02 3.53579e+02 3.53912e+02 3.54189e+02 3.54416e+02 3.54599e+02 3.54743e+02 3.54850e+02 3.54924e+02 3.54967e+02 3.54981e+02
2.30023e+03 3.19401e+02 3.49381e+02 3.50448e+02 3.51292e+02 3.51979e+02 3.52547e+02 3.53022e+02 3.53419e+02 3.53752e+02 3.54029e+02 3.54256e+02 3.54440e+02 3.54584e+02 3.54691e+02 3.54765e+02 3.54808e+02 3.54822e+02
2.35024e+03 3.19352e+02 3.49230e+02 3.50294e+02 3.51135e+02 3.51820e+02 3.52387e+02 3.52862e+02 3.53259e+02 3.53592e+02 3.53869e+02 3.54096e+02 3.54280e+02 3.54424e+02 3.54532e+02 3.54606e+02 3.54649e+02 3.54663e+02
2.40024e+03 3.19303e+02 3.49078e+02 3.50139e+02 3.50978e+02 3.51661e+02 3.52228e+02 3.52702e+02 3.53099e+02 3.53432e+02 3.53709e+02 3.53936e+02 3.54120e+02 3.54265e+02 3.54372e+02 3.54447e+02 3.54490e+02 3.54504e+02
2.45025e+03 3.19254e+02 3.48927e+02 3.49984e+02 3.50820e+02 3.51503e+02 3.52068e+02 3.52541e+02 3.52938e+02 3.53271e+02 3.53548e+02 3.53776e+02 3.53960e+02 3.54105e+02 3.54213e+02 3.54287e+02 3.54330e+02 3.54344e+02
2.50025e+03 3.19205e+02 3.48775e+02 3.49828e+02 3.50663e+02 3.51343e+02 3.51908e+02 3.52381e+02 3.52777e+02 3.53110e+02 3.53387e+02 3.53615e+02 3.53800e+02 3.53944e+02 3.54053e+02 3.54127e+02 3.54170e+02 3.54184e+02
2.55026e+03 3.19156e+02 3.48622e+02 3.49672e+02 3.50505e+02 3.51184e+02 3.51747e+02 3.52219e+02 3.52616e+02 3.52949e+02 3.53226e+02 3.53454e+02 3.53639e+02 3.53783e+02 3.53892e+02 3.53967e+02 3.54010e+02 3.54024e+02
2.60026e+03 3.19106e+02 3.48469e+02 3.49516e+02 3.50346e+02 3.51023e+02 3.51586e+02 3.52057e+02 3.52454e+02 3.52786e+02 3.53063e+02 3.53292e+02 3.53477e+02 3.53622e+02 3.53730e+02 3.53805e+02 3.53849e+02 3.53863e+02
2.65027e+03 3.19057e+02 3.48315e+02 3.49359e+02 3.50186e+02 3.50862e+02 3.51424e+02 3.51894e+02 3.52290e+02 3.52623e+02 3.52900e+02 3.53129e+02 3.53314e+02 3.53459e+02 3.53568e+02 3.53643e+02 3.53686e+02 3.53700e+02
2.70027e+03 3.19007e+02 3.48161e+02 3.49200e+02 3.50025e+02 3.50700e+02 3.51260e+02 3.51730e+02 3.52126e+02 3.52459e+02 3.52736e+02 3.52965e+02 3.53150e+02 3.53295e+02 3.53404e+02 3.53479e+02 3.53523e+02 3.53537e+02
2.75028e+03 3.18957e+02 3.48005e+02 3.49041e+02 3.49863e+02 3.50536e+02 3.51095e+02 3.51565e+02 3.51961e+02 3.52293e+02 3.52570e+02 3.52799e+02 3.52985e+02 3.53130e+02 3.53239e+02 3.53314e+02 3.53358e+02 3.53372e+02
2.80028e+03 3.18906e+02 3.47847e+02 3.48880e+02 3.49700e+02 3.50371e+02 3.50929e+02 3.51398e+02 3.51794e+02 3.52126e+02 3.52403e+02 3.52632e+02 3.52818e+02 3.52964e+02 3.53073e+02 3.53148e+02 3.53192e+02 3.53206e+02
2.85029e+03 3.18855e+02 3.47688e+02 3.48717e+02 3.49535e+02 3.50204e+02 3.50762e+02 3.51230e+02 3.51625e+02 3.51957e+02 3.52235e+02 3.52464e+02 3.52649e+02 3.52795e+02 3.52905e+02 3.52980e+02 3.53024e+02 3.53038e+02
2.90029e+03 3.18804e+02 3.47528e+02 3.48553e+02 3.49368e+02 3.50035e+02 3.50592e+02 3.51060e+02 3.51454e+02 3.51786e+02 3.52064e+02 3.52293e+02 3.52479e+02 3.52625e+02 3.52735e+02 3.52810e+02 3.52854e+02 3.52868e+02
2.95030e+03 3.18752e+02 3.47365e+02 3.48386e+02 3.49199e+02 3.49865e+02 3.50420e+02 3.50887e+02 3.51281e+02 3.51613e+02 3.51891e+02 3.52120e+02 3.52306e+02 3.52453e+02 3.52562e+02 3.52638e+02 3.52682e+02 3.52696e+02
3.00030e+03 3.18699e+02 3.47200e+02 3.48218e+02 3.49028e+02 3.49692e+02 3.50246e+02 3.50712e+02 3.51106e+02 3.51438e+02 3.51715e+02 3.51945e+02 3.52131e+02 3.52278e+02 3.52388e+02 3.52464e+02 3.52508e+02 3.52522e+02
3.05031e+03 3.18646e+02 3.47033e+02 3.48046e+02 3.48854e+02 3.49516e+02 3.50069e+02 3.50534e+02 3.50928e+02 3.51259e+02 3.51537e+02 3.51767e+02 3.51953e+02 3.52100e+02 3.52210e+02 3.52286e+02 3.52331e+02 3.52345e+02
3.10031e+03 3.18591e+02 3.46862e+02 3.47872e+02 3.48677e+02 3.49337e+02 3.49888e+02 3.50353e+02 3.50746e+02 3.51078e+02 3.51356e+02 3.51586e+02 3.51773e+02 3.51919e+02 3.52030e+02 3.52106e+02 3.52150e+02 3.52165e+02
3.15032e+03 3.18536e+02 3.46689e+02 3.47695e+02 3.48496e+02 3.49155e+02 3.49705e+02 3.50169e+02 3.50562e+02 3.50893e+02 3.51171e+02 3.51401e+02 3.51588e+02 3.51735e+02 3.51846e+02 3.51922e+02 3.51967e+02 3.51981e+02
3.20032e+03 3.18480e+02 3.46512e+02 3.47513e+02 3.48312e+02 3.48968e+02 3.49517e+02 3.49981e+02 3.50373e+02 3.50705e+02 3.50983e+02 3.51213e+02 3.51400e+02 3.51547e+02 3.51658e+02 3.51734e+02 3.51779e+02 3.51793e+02
3.25033e+03 3.18423e+02 3.46331e+02 3.47328e+02 3.48124e+02 3.48778e+02 3.49326e+02 3.49788e+02 3.50180e+02 3.50511e+02 3.50789e+02 3.51020e+02 3.51207e+02 3.51355e+02 3.51466e+02 3.51542e+02 3.51587e+02 3.51601e+02
3.30033e+03 3.18364e+02 3.46145e+02 3.47138e+02 3.47931e+02 3.48583e+02 3.49129e+02 3.49591e+02 3.49982e+02 3.50313e+02 3.50591e+02 3.50822e+02 3.51009e+02 3.51157e+02 3.51269e+02 3.51345e+02 3.51390e+02 3.51405e+02
3.35034e+03 3.18304e+02 3.45954e+02 3.46943e+02 3.47732e+02 3.48382e+02 3.48927e+02 3.49388e+02 3.49779e+02 3.50110e+02 3.50388e+02 3.50619e+02 3.50806e+02 3.50954e+02 3.51066e+02 3.51143e+02 3.51188e+02 3.51202e+02
3.40034e+03 3.18242e+02 3.45758e+02 3.46742e+02 3.47528e+02 3.48175e+02 3.48718e+02 3.49178e+02 3.49569e+02 3.49899e+02 3.50178e+02 3.50409e+02 3.50597e+02 3.50745e+02 3.50857e+02 3.50934e+02 3.50979e+02 3.50994e+02
3.45035e+03 3.18178e+02 3.45555e+02 3.46534e+02 3.47316e+02 3.47961e+02 3.48503e+02 3.48962e+02 3.49352e+02 3.49682e+02 3.49960e+02 3.50192e+02 3.50380e+02 3.50529e+02 3.50641e+02 3.50718e+02 3.50763e+02 3.50778e+02
3.50035e+03 3.18112e+02 3.45345e+02 3.46319e+02 3.47097e+02 3.47740e+02 3.48279e+02 3.48737e+02 3.49126e+02 3.49457e+02 3.49735e+02 3.49966e+02 3.50155e+02 3.50304e+02 3.50416e+02 3.50494e+02 3.50539e+02 3.50554e+02
3.55036e+03 3.18044e+02 3.45126e+02 3.46095e+02 3.46869e+02 3.47509e+02 3.48046e+02 3.48503e+02 3.48891e+02 3.49221e+02 3.49500e+02 3.49731e+02 3.49920e+02 3.50070e+02 3.50182e+02 3.50260e+02 3.50305e+02 3.50320e+02
3.60036e+03 3.17973e+02 3.44898e+02 3.45861e+02 3.46631e+02 3.47267e+02 3.47803e+02 3.48257e+02 3.48645e+02 3.48975e+02 3.49253e+02 3.49485e+02 3.49674e+02 3.49824e+02 3.49937e+02 3.50015e+02 3.50061e+02 3.50075e+02
3.65037e+03 3.17898e+02 3.44659e+02 3.45616e+02 3.46381e+02 3.47013e+02 3.47546e+02 3.47999e+02 3.48386e+02 3.48715e+02 3.48994e+02 3.49226e+02 3.49415e+02 3.49565e+02 3.49678e+02 3.49757e+02 3.49803e+02 3.49817e+02
3.70037e+03 3.17821e+02 3.44406e+02 3.45357e+02 3.46117e+02 3.46745e+02 3.47275e+02 3.47726e+02 3.48112e+02 3.48440e+02 3.48718e+02 3.48950e+02 3.49140e+02 3.49291e+02 3.49404e+02 3.49483e+02 3.49529e+02 3.49543e+02
3.75038e+03 3.17738e+02 3.44138e+02 3.45082e+02 3.45836e+02 3.46460e+02 3.46986e+02 3.47435e+02 3.47819e+02 3.48147e+02 3.48424e+02 3.48656e+02 3.48846e+02 3.48997e+02 3.49111e+02 3.49190e+02 3.49236e+02 3.49250e+02
3.80038e+03 3.17651e+02 3.43851e+02 3.44787e+02 3.45535e+02 3.46154e+02 3.46676e+02 3.47122e+02 3.47504e+02 3.47830e+02 3.48107e+02 3.48338e+02 3.48528e+02 3.48679e+02 3.48793e+02 3.48872e+02 3.48919e+02 3.48933e+02
3.85039e+03 3.17557e+02 3.43541e+02 3.44469e+02 3.45210e+02 3.45822e+02 3.46339e+02 3.46781e+02 3.47160e+02 3.47484e+02 3.47760e+02 3.47991e+02 3.48180e+02 3.48331e+02 3.48445e+02 3.48525e+02 3.48571e+02 3.48586e+02
3.90039e+03 3.17455e+02 3.43202e+02 3.44121e+02 3.44854e+02 3.45459e+02 3.45969e+02 3.46406e+02 3.46780e+02 3.47102e+02 3.47375e+02 3.47605e+02 3.47794e+02 3.47944e+02 3.48058e+02 3.48138e+02 3.48184e+02 3.48199e+02
3.95040e+03 3.17344e+02 3.42825e+02 3.43734e+02 3.44458e+02 3.45054e+02 3.45557e+02 3.45986e+02 3.46355e+02 3.46671e+02 3.46941e+02 3.47168e+02 3.47355e+02 3.47505e+02 3.47618e+02 3.47697e+02 3.47743e+02 3.47758e+02
4.00040e+03 3.17220e+02 3.42400e+02 3.43297e+02 3.44010e+02 3.44596e+02 3.45088e+02 3.45507e+02 3.45867e+02 3.46176e+02 3.46440e+02 3.46662e+02 3.46845e+02 3.46992e+02 3.47103e+02 3.47181e+02 3.47227e+02 3.47241e+02
4.05041e+03 3.17079e+02 3.41910e+02 3.42794e+02 3.43494e+02 3.44067e+02 3.44546e+02 3.44952e+02 3.45299e+02 3.45595e+02 3.45848e+02 3.46061e+02 3.46236e+02 3.46377e+02 3.46484e+02 3.46559e+02 3.46602e+02 3.46616e+02
4.10041e+03 3.16916e+02 3.41336e+02 3.42204e+02 3.42889e+02 3.43447e+02 3.43911e+02 3.44301e+02 3.44631e+02 3.44910e+02 3.45146e+02 3.45343e+02 3.45505e+02 3.45633e+02 3.45731e+02 3.45799e+02 3.45839e+02 3.45852e+02
4.15042e+03 3.16728e+02 3.40675e+02 3.41525e+02 3.42194e+02 3.42737e+02 3.43186e+02 3.43561e+02 3.43875e+02 3.44139e+02 3.44360e+02 3.44542e+02 3.44689e+02 3.44805e+02 3.44892e+02 3.44952e+02 3.44987e+02 3.44998e+02
4.20042e+03 3.16516e+02 3.39968e+02 3.40801e+02 3.41454e+02 3.41984e+02 3.42422e+02 3.42787e+02 3.43093e+02 3.43349e+02 3.43562e+02 3.43737e+02 3.43879e+02 3.43991e+02 3.44074e+02 3.44132e+02 3.44165e+02 3.44176e+02
4.25043e+03 3.16292e+02 3.39262e+02 3.40077e+02 3.40717e+02 3.41236e+02 3.41664e+02 3.42021e+02 3.42320e+02 3.42571e+02 3.42779e+02 3.42950e+02 3.43089e+02 3.43198e+02 3.43279e+02 3.43336e+02 3.43368e+02 3.43379e+02
4.30043e+03 3.16067e+02 3.38567e+02 3.39366e+02 3.39993e+02 3.40501e+02 3.40920e+02 3.41270e+02 3.41563e+02 3.41808e+02 3.42012e+02 3.42180e+02 3.42316e+02 3.42422e+02 3.42502e+02 3.42557e+02 3.42589e+02 3.42599e+02
4.35044e+03 3.15844e+02 3.37886e+02 3.38668e+02 3.39283e+02 3.39780e+02 3.40191e+02 3.40534e+02 3.40821e+02 3.41061e+02 3.41261e+02 3.41425e+02 3.41558e+02 3.41662e+02 3.41740e+02 3.41794e+02 3.41826e+02 3.41836e+02
4.40044e+03 3.15624e+02 3.37219e+02 3.37985e+02 3.38587e+02 3.39074e+02 3.39477e+02 3.39812e+02 3.40093e+02 3.40329e+02 3.40524e+02 3.40686e+02 3.40816e+02 3.40918e+02 3.40995e+02 3.41047e+02 3.41078e+02 3.41088e+02
4.45045e+03 3.15409e+02 3.36565e+02 3.37315e+02 3.37905e+02 3.38383e+02 3.38777e+02 3.39106e+02 3.39381e+02 3.39612e+02 3.39803e+02 3.39961e+02 3.40089e+02 3.40189e+02 3.40264e+02 3.40316e+02 3.40346e+02 3.40355e+02
4.50045e+03 3.15197e+02 3.35924e+02 3.36659e+02 3.37237e+02 3.37705e+02 3.38091e+02 3.38413e+02 3.38683e+02 3.38909e+02 3.39097e+02 3.39251e+02 3.39376e+02 3.39475e+02 3.39548e+02 3.39599e+02 3.39628e+02 3.39637e+02
4.55046e+03 3.14990e+02 3.35296e+02 3.36017e+02 3.36582e+02 3.37041e+02 3.37419e+02 3.37735e+02 3.37999e+02 3.38220e+02 3.38404e+02 3.38556e+02 3.38678e+02 3.38775e+02 3.38847e+02 3.38896e+02 3.38925e+02 3.38934e+02
4.60046e+03 3.14788e+02 3.34681e+02 3.35387e+02 3.35941e+02 3.36390e+02 3.36761e+02 3.37070e+02 3.37329e+02 3.37546e+02 3.37726e+02 3.37875e+02 3.37995e+02 3.38089e+02 3.38159e+02 3.38208e+02 3.38236e+02 3.38245e+02
4.65047e+03 3.14589e+02 3.34078e+02 3.34770e+02 3.35313e+02 3.35753e+02 3.36116e+02 3.36419e+02 3.36673e+02 3.36885e+02 3.37062e+02 3.37207e+02 3.37325e+02 3.37417e+02 3.37486e+02 3.37534e+02 3.37561e+02 3.37570e+02
4.70047e+03 3.14394e+02 3.33488e+02 3.34166e+02 3.34698e+02 3.35129e+02 3.35485e+02 3.35781e+02 3.36030e+02 3.36238e+02 3.36411e+02 3.36553e+02 3.36669e+02 3.36759e+02 3.36827e+02 3.36873e+02 3.36900e+02 3.36909e+02
4.75048e+03 3.14204e+02 3.32910e+02 3.33573e+02 3.34095e+02 3.34517e+02 3.34866e+02 3.35157e+02 3.35400e+02 3.35604e+02 3.35773e+02 3.35913e+02 3.36026e+02 3.36114e+02 3.36181e+02 3.36226e+02 3.36253e+02 3.36261e+02
4.80048e+03 3.14017e+02 3.32343e+02 3.32993e+02 3.33504e+02 3.33918e+02 3.34260e+02 3.34544e+02 3.34783e+02 3.34983e+02 3.35149e+02 3.35285e+02 3.35396e+02 3.35483e+02 3.35548e+02 3.35592e+02 3.35618e+02 3.35627e+02
4.85049e+03 3.13834e+02 3.31788e+02 3.32425e+02 3.32926e+02 3.33331e+02 3.33666e+02 3.33945e+02 3.34178e+02 3.34374e+02 3.34537e+02 3.34671e+02 3.34779e+02 3.34864e+02 3.34928e+02 3.34971e+02 3.34997e+02 3.35005e+02
4.90049e+03 3.13654e+02 3.31244e+02 3.31869e+02 3.32359e+02 3.32756e+02 3.33084e+02 3.33357e+02 3.33586e+02 3.33778e+02 3.33937e+02 3.34068e+02 3.34174e+02 3.34258e+02 3.34320e+02 3.34363e+02 3.34388e+02 3.34396e+02
4.95050e+03 3.13479e+02 3.30712e+02 3.31323e+02 3.31803e+02 3.32193e+02 3.32514e+02 3.32781e+02 3.33006e+02 3.33193e+02 3.33350e+02 3.33478e+02 3.33582e+02 3.33664e+02 3.33725e+02 3.33767e+02 3.33791e+02 3.33799e+02
5.00050e+03 3.13307e+02 3.30190e+02 3.30789e+02 3.31259e+02 3.31641e+02 3.31955e+02 3.32218e+02 3.32437e+02 3.32621e+02 3.32774e+02 3.32900e+02 3.33002e+02 3.33082e+02 3.33142e+02 3.33183e+02 3.33207e+02 3.33215e+02
5.05051e+03 3.13138e+02 3.29678e+02 3.30265e+02 3.30726e+02 3.31100e+02 3.31408e+02 3.31665e+02 3.31880e+02 3.32060e+02 3.32210e+02 3.32334e+02 3.32434e+02 3.32512e+02 3.32571e+02 3.32611e+02 3.32634e+02 3.32642e+02
5.10051e+03 3.12973e+02 3.29177e+02 3.29752e+02 3.30204e+02 3.30570e+02 3.30872e+02 3.31124e+02 3.31335e+02 3.31511e+02 3.31658e+02 3.31779e+02 3.31877e+02 3.31953e+02 3.32011e+02 3.32050e+02 3.32073e+02 3.32081e+02
5.15052e+03 3.12811e+02 3.28687e+02 3.29250e+02 3.29692e+02 3.30051e+02 3.30347e+02 3.30593e+02 3.30800e+02 3.30973e+02 3.31117e+02 3.31235e+02 3.31331e+02 3.31406e+02 3.31463e+02 3.31501e+02 3.31524e+02 3.31531e+02
5.20052e+03 3.12652e+02 3.28206e+02 3.28758e+02 3.29191e+02 3.29542e+02 3.29832e+02 3.30074e+02 3.30276e+02 3.30446e+02 3.30587e+02 3.30703e+02 3.30797e+02 3.30870e+02 3.30925e+02 3.30963e+02 3.30985e+02 3.30993e+02
5.25053e+03 3.12497e+02 3.27735e+02 3.28275e+02 3.28700e+02 3.29044e+02 3.29328e+02 3.29565e+02 3.29763e+02 3.29929e+02 3.30067e+02 3.30181e+02 3.30273e+02 3.30345e+02 3.30399e+02 3.30436e+02 3.30458e+02 3.30465e+02
5.30053e+03 3.12345e+02 3.27273e+02 3.27803e+02 3.28219e+02 3.28556e+02 3.28834e+02 3.29066e+02 3.29261e+02 3.29423e+02 3.29559e+02 3.29670e+02 3.29760e+02 3.29831e+02 3.29884e+02 3.29920e+02 3.29941e+02 3.29948e+02
5.35054e+03 3.12196e+02 3.26821e+02 3.27340e+02 3.27748e+02 3.28078e+02 3.28351e+02 3.28578e+02 3.28768e+02 3.28927e+02 3.29060e+02 3.29169e+02 3.29257e+02 3.29327e+02 3.29378e+02 3.29414e+02 3.29435e+02 3.29442e+02
5.40054e+03 3.12050e+02 3.26378e+02 3.26887e+02 3.27286e+02 3.27610e+02 3.27877e+02 3.28099e+02 3.28286e+02 3.28442e+02 3.28572e+02 3.28679e+02 3.28765e+02 3.28833e+02 3.28884e+02 3.28919e+02 3.28939e+02 3.28945e+02
5.45055e+03 3.11907e+02 3.25944e+02 3.26442e+02 3.26834e+02 3.27151e+02 3.27412e+02 3.27630e+02 3.27813e+02 3.27966e+02 3.28093e+02 3.28198e+02 3.28283e+02 3.28349e+02 3.28399e+02 3.28433e+02 3.28453e+02 3.28459e+02
5.50055e+03 3.11766e+02 3.25519e+02 3.26007e+02 3.26390e+02 3.26701e+02 3.26957e+02 3.27171e+02 3.27350e+02 3.27500e+02 3.27624e+02 3.27727e+02 3.27810e+02 3.27875e+02 3.27924e+02 3.27957e+02 3.27977e+02 3.27983e+02
5.55056e+03 3.11629e+02 3.25103e+02 3.25581e+02 3.25956e+02 3.26260e+02 3.26511e+02 3.26721e+02 3.26896e+02 3.27043e+02 3.27165e+02 3.27266e+02 3.27347e+02 3.27411e+02 3.27458e+02 3.27491e+02 3.27510e+02 3.27517e+02
5.60056e+03 3.11495e+02 3.24695e+02 3.25163e+02 3.25531e+02 3.25829e+02 3.26075e+02 3.26280e+02 3.26452e+02 3.26596e+02 3.26715e+02 3.26814e+02 3.26893e+02 3.26956e+02 3.27003e+02 3.27035e+02 3.27054e+02 3.27060e+02
5.65057e+03 3.11363e+02 3.24295e+02 3.24754e+02 3.25114e+02 3.25406e+02 3.25647e+02 3.25848e+02 3.26016e+02 3.26157e+02 3.26274e+02 3.26371e+02 3.26449e+02 3.26510e+02 3.26556e+02 3.26588e+02 3.26606e+02 3.26612e+02
5.70057e+03 3.11234e+02 3.23903e+02 3.24353e+02 3.24706e+02 3.24992e+02 3.25228e+02 3.25425e+02 3.25590e+02 3.25728e+02 3.25843e+02 3.25937e+02 3.26014e+02 3.26073e+02 3.26118e+02 3.26149e+02 3.26167e+02 3.26173e+02
5.75058e+03 3.11107e+02 3.23519e+02 3.23960e+02 3.24306e+02 3.24586e+02 3.24817e+02 3.25010e+02 3.25172e+02 3.25307e+02 3.25419e+02 3.25512e+02 3.25587e+02 3.25646e+02 3.25690e+02 3.25720e+02 3.25738e+02 3.25743e+02
5.80058e+03 3.10983e+02 3.23143e+02 3.23575e+02 3.23914e+02 3.24188e+02 3.24415e+02 3.24604e+02 3.24762e+02 3.24895e+02 3.25005e+02 3.25096e+02 3.25169e+02 3.25227e+02 3.25270e+02 3.25299e+02 3.25317e+02 3.25322e+02
5.85059e+03 3.10862e+02 3.22775e+02 3.23198e+02 3.23530e+02 3.23799e+02 3.24021e+02 3.24206e+02 3.24361e+02 3.24491e+02 3.24599e+02 3.24688e+02 3.24760e+02 3.24816e+02 3.24858e+02 3.24887e+02 3.24904e+02 3.24910e+02
5.90059e+03 3.10743e+02 3.22414e+02 3.22828e+02 3.23154e+02 3.23417e+02 3.23635e+02 3.23816e+02 3.23968e+02 3.24095e+02 3.24201e+02 3.24288e+02 3.24358e+02 3.24414e+02 3.24455e+02 3.24484e+02 3.24500e+02 3.24505e+02
5.95060e+03 3.10626e+02 3.22061e+02 3.22466e+02 3.22785e+02 3.23043e+02 3.23256e+02 3.23434e+02 3.23583e+02 3.23707e+02 3.23811e+02 3.23896e+02 3.23965e+02 3.24020e+02 3.24060e+02 3.24088e+02 3.24104e+02 3.24109e+02
6.00060e+03 3.10512e+02 3.21714e+02 3.22112e+02 3.22424e+02 3.22677e+02 3.22886e+02 3.23060e+02 3.23206e+02 3.23328e+02 3.23429e+02 3.23513e+02 3.23580e+02 3.23633e+02 3.23673e+02 3.23701e+02 3.23716e+02 3.23721e+02
6.05061e+03 3.10400e+02 3.21375e+02 3.21764e+02 3.22070e+02 3.22318e+02 3.22523e+02 3.22693e+02 3.22836e+02 3.22956e+02 3.23055e+02 3.23137e+02 3.23203e+02 3.23255e+02 3.23294e+02 3.23321e+02 3.23336e+02 3.23341e+02
6.10061e+03 3.10290e+02 3.21043e+02 3.21424e+02 3.21724e+02 3.21967e+02 3.22167e+02 3.22334e+02 3.22474e+02 3.22591e+02 3.22689e+02 3.22769e+02 3.22834e+02 3.22884e+02 3.22923e+02 3.22949e+02 3.22964e+02 3.22969e+02
6.15062e+03 3.10183e+02 3.20717e+02 3.21091e+02 3.21384e+02 3.21622e+02 3.21818e+02 3.21982e+02 3.22119e+02 3.22234e+02 3.22329e+02 3.22408e+02 3.22472e+02 3.22521e+02 3.22559e+02 3.22584e+02 3.22599e+02 3.22604e+02
6.20062e+03 3.10078e+02 3.20398e+02 3.20764e+02 3.21052e+02 3.21285e+02 3.21477e+02 3.21637e+02 3.21772e+02 3.21884e+02 3.21978e+02 3.22055e+02 3.22117e+02 3.22166e+02 3.22202e+02 3.22228e+02 3.22242e+02 3.22247e+02
6.25063e+03 3.09975e+02 3.20085e+02 3.20444e+02 3.20726e+02 3.20954e+02 3.21142e+02 3.21300e+02 3.21431e+02 3.21541e+02 3.21633e+02 3.21708e+02 3.21769e+02 3.21817e+02 3.21853e+02 3.21878e+02 3.21892e+02 3.21897e+02
6.30063e+03 3.09874e+02 3.19779e+02 3.20130e+02 3.20406e+02 3.20630e+02 3.20815e+02 3.20969e+02 3.21098e+02 3.21205e+02 3.21295e+02 3.21369e+02 3.21429e+02 3.21476e+02 3.21511e+02 3.21535e+02 3.21549e+02 3.21554e+02
6.35064e+03 3.09775e+02 3.19479e+02 3.19823e+02 3.20094e+02 3.20313e+02 3.20494e+02 3.20644e+02 3.20771e+02 3.20876e+02 3.20964e+02 3.21037e+02 3.21095e+02 3.21141e+02 3.21176e+02 3.21199e+02 3.21213e+02 3.21218e+02
6.40064e+03 3.09678e+02 3.19185e+02 3.19522e+02 3.19787e+02 3.20002e+02 3.20179e+02 3.20327e+02 3.20451e+02 3.20554e+02 3.20640e+02 3.20711e+02 3.20769e+02 3.20814e+02 3.20847e+02 3.20871e+02 3.20884e+02 3.20888e+02
6.45065e+03 3.09583e+02 3.18897e+02 3.19227e+02 3.19487e+02 3.19697e+02 3.19871e+02 3.20016e+02 3.20137e+02 3.20238e+02 3.20323e+02 3.20392e+02 3.20449e+02 3.20493e+02 3.20526e+02 3.20548e+02 3.20562e+02 3.20566e+02
6.50065e+03 3.09490e+02 3.18615e+02 3.18939e+02 3.19193e+02 3.19399e+02 3.19569e+02 3.19711e+02 3.19830e+02 3.19929e+02 3.20012e+02 3.20080e+02 3.20135e+02 3.20178e+02 3.20210e+02 3.20233e+02 3.20246e+02 3.20250e+02
6.55066e+03 3.09399e+02 3.18338e+02 3.18656e+02 3.18905e+02 3.19107e+02 3.19273e+02 3.19412e+02 3.19529e+02 3.19626e+02 3.19707e+02 3.19774e+02 3.19828e+02 3.19870e+02 3.19902e+02 3.19923e+02 3.19936e+02 3.19940e+02
6.60066e+03 3.09309e+02 3.18068e+02 3.18378e+02 3.18623e+02 3.18820e+02 3.18984e+02 3.19120e+02 3.19234e+02 3.19329e+02 3.19408e+02 3.19474e+02 3.19527e+02 3.19568e+02 3.19599e+02 3.19621e+02 3.19633e+02 3.19637e+02
6.65067e+03 3.09222e+02 3.17802e+02 3.18107e+02 3.18346e+02 3.18540e+02 3.18700e+02 3.18833e+02 3.18945e+02 3.19038e+02 3.19116e+02 3.19180e+02 3.19232e+02 3.19272e+02 3.19303e+02 3.19324e+02 3.19336e+02 3.19340e+02
6.70067e+03 3.09136e+02 3.17543e+02 3.17841e+02 3.18075e+02 3.18265e+02 3.18422e+02 3.18552e+02 3.18662e+02 3.18753e+02 3.18829e+02 3.18892e+02 3.18943e+02 3.18983e+02 3.19012e+02 3.19033e+02 3.19045e+02 3.19049e+02
6.75068e+03 3.09052e+02 3.17288e+02 3.17580e+02 3.17810e+02 3.17996e+02 3.18149e+02 3.18277e+02 3.18384e+02 3.18474e+02 3.18549e+02 3.18610e+02 3.18660e+02 3.18699e+02 3.18728e+02 3.18748e+02 3.18760e+02 3.18764e+02
6.80068e+03 3.08970e+02 3.17038e+02 3.17325e+02 3.17550e+02 3.17732e+02 3.17882e+02 3.18008e+02 3.18113e+02 3.18200e+02 3.18274e+02 3.18334e+02 3.18382e+02 3.18421e+02 3.18449e+02 3.18469e+02 3.18480e+02 3.18484e+02
6.85069e+03 3.08889e+02 3.16794e+02 3.17075e+02 3.17295e+02 3.17473e+02 3.17621e+02 3.17743e+02 3.17846e+02 3.17932e+02 3.18004e+02 3.18063e+02 3.18111e+02 3.18148e+02 3.18176e+02 3.18196e+02 3.18207e+02 3.18210e+02
6.90069e+03 3.08810e+02 3.16555e+02 3.16829e+02 3.17045e+02 3.17220e+02 3.17364e+02 3.17485e+02 3.17586e+02 3.17670e+02 3.17740e+02 3.17798e+02 3.17845e+02 3.17881e+02 3.17909e+02 3.17928e+02 3.17939e+02 3.17942e+02
6.95070e+03 3.08733e+02 3.16320e+02 3.16589e+02 3.16801e+02 3.16972e+02 3.17113e+02 3.17231e+02 3.17330e+02 3.17413e+02 3.17482e+02 3.17538e+02 3.17584e+02 3.17620e+02 3.17647e+02 3.17665e+02 3.17676e+02 3.17679e+02
7.00070e+03 3.08657e+02 3.16090e+02 3.16354e+02 3.16561e+02 3.16729e+02 3.16868e+02 3.16983e+02 3.17080e+02 3.17161e+02 3.17228e+02 3.17284e+02 3.17328e+02 3.17364e+02 3.17390e+02 3.17408e+02 3.17419e+02 3.17422e+02
7.05071e+03 3.08583e+02 3.15865e+02 3.16124e+02 3.16326e+02 3.16491e+02 3.16627e+02 3.16740e+02 3.16835e+02 3.16914e+02 3.16980e+02 3.17034e+02 3.17078e+02 3.17113e+02 3.17138e+02 3.17156e+02 3.17167e+02 3.17170e+02
7.10071e+03 3.08510e+02 3.15645e+02 3.15898e+02 3.16097e+02 3.16258e+02 3.16391e+02 3.16501e+02 3.16594e+02 3.16672e+02 3.16737e+02 3.16790e+02 3.16833e+02 3.16867e+02 3.16892e+02 3.16909e+02 3.16920e+02 3.16923e+02
7.15072e+03 3.08439e+02 3.15428e+02 3.15676e+02 3.15871e+02 3.16029e+02 3.16159e+02 3.16268e+02 3.16359e+02 3.16435e+02 3.16498e+02 3.16551e+02 3.16593e+02 3.16626e+02 3.16651e+02 3.16668e+02 3.16678e+02 3.16681e+02
7.20072e+03 3.08369e+02 3.15217e+02 3.15460e+02 3.15651e+02 3.15805e+02 3.15933e+02 3.16039e+02 3.16128e+02 3.16203e+02 3.16265e+02 3.16316e+02 3.16357e+02 3.16390e+02 3.16414e+02 3.16431e+02 3.16441e+02 3.16444e+02
7.25073e+03 3.08301e+02 3.15009e+02 3.15247e+02 3.15434e+02 3.15586e+02 3.15711e+02 3.15815e+02 3.15902e+02 3.15976e+02 3.16036e+02 3.16086e+02 3.16127e+02 3.16159e+02 3.16182e+02 3.16199e+02 3.16208e+02 3.16211e+02
7.30073e+03 3.08234e+02 3.14806e+02 3.15039e+02 3.15223e+02 3.15371e+02 3.15493e+02 3.15596e+02 3.15681e+02 3.15753e+02 3.15812e+02 3.15861e+02 3.15901e+02 3.15932e+02 3.15955e+02 3.15971e+02 3.15981e+02 3.15984e+02
7.35074e+03 3.08168e+02 3.14607e+02 3.14836e+02 3.15015e+02 3.15160e+02 3.15280e+02 3.15380e+02 3.15464e+02 3.15534e+02 3.15593e+02 3.15641e+02 3.15680e+02 3.15710e+02 3.15733e+02 3.15749e+02 3.15758e+02 3.15761e+02
7.40074e+03 3.08104e+02 3.14412e+02 3.14636e+02 3.14812e+02 3.14954e+02 3.15072e+02 3.15170e+02 3.15252e+02 3.15321e+02 3.15378e+02 3.15425e+02 3.15463e+02 3.15493e+02 3.15515e+02 3.15530e+02 3.15539e+02 3.15542e+02
7.45075e+03 3.08041e+02 3.14221e+02 3.14440e+02 3.14613e+02 3.14752e+02 3.14867e+02 3.14963e+02 3.15044e+02 3.15111e+02 3.15167e+02 3.15213e+02 3.15250e+02 3.15280e+02 3.15302e+02 3.15317e+02 3.15325e+02 3.15328e+02
7.50075e+03 3.07979e+02 3.14034e+02 3.14249e+02 3.14417e+02 3.14554e+02 3.14667e+02 3.14761e+02 3.14840e+02 3.14906e+02 3.14961e+02 3.15006e+02 3.15042e+02 3.15071e+02 3.15092e+02 3.15107e+02 3.15116e+02 3.15119e+02
7.55076e+03 3.07919e+02 3.13850e+02 3.14061e+02 3.14226e+02 3.14360e+02 3.14471e+02 3.14563e+02 3.14640e+02 3.14705e+02 3.14758e+02 3.14803e+02 3.14838e+02 3.14867e+02 3.14888e+02 3.14902e+02 3.14910e+02 3.14913e+02
7.60076e+03 3.07859e+02 3.13671e+02 3.13877e+02 3.14039e+02 3.14170e+02 3.14278e+02 3.14369e+02 3.14444e+02 3.14508e+02 3.14560e+02 3.14604e+02 3.14639e+02 3.14666e+02 3.14687e+02 3.14701e+02 3.14709e+02 3.14712e+02
7.65077e+03 3.07801e+02 3.13495e+02 3.13697e+02 3.13855e+02 3.13984e+02 3.14090e+02 3.14179e+02 3.14253e+02 3.14315e+02 3.14366e+02 3.14409e+02 3.14443e+02 3.14470e+02 3.14490e+02 3.14504e+02 3.14512e+02 3.14515e+02
7.70077e+03 3.07744e+02 3.13322e+02 3.13520e+02 3.13676e+02 3.13802e+02 3.13906e+02 3.13992e+02 3.14065e+02 3.14126e+02 3.14176e+02 3.14218e+02 3.14251e+02 3.14278e+02 3.14298e+02 3.14311e+02 3.14319e+02 3.14322e+02
7.75078e+03 3.07689e+02 3.13153e+02 3.13347e+02 3.13499e+02 3.13623e+02 3.13725e+02 3.13810e+02 3.13881e+02 3.13940e+02 3.13990e+02 3.14031e+02 3.14064e+02 3.14089e+02 3.14109e+02 3.14122e+02 3.14130e+02 3.14132e+02
7.80078e+03 3.07634e+02 3.12988e+02 3.13178e+02 3.13327e+02 3.13448e+02 3.13548e+02 3.13631e+02 3.13700e+02 3.13759e+02 3.13807e+02 3.13847e+02 3.13880e+02 3.13905e+02 3.13924e+02 3.13937e+02 3.13945e+02 3.13947e+02
7.85079e+03 3.07581e+02 3.12826e+02 3.13012e+02 3.13158e+02 3.13276e+02 3.13374e+02 3.13456e+02 3.13524e+02 3.13581e+02 3.13629e+02 3.13668e+02 3.13699e+02 3.13724e+02 3.13743e+02 3.13756e+02 3.13763e+02 3.13765e+02
7.90079e+03 3.07528e+02 3.12667e+02 3.12849e+02 3.12992e+02 3.13108e+02 3.13204e+02 3.13284e+02 3.13351e+02 3.13407e+02 3.13453e+02 3.13492e+02 3.13523e+02 3.13547e+02 3.13565e+02 3.13578e+02 3.13585e+02 3.13587e+02
7.95080e+03 3.07477e+02 3.12511e+02 3.12690e+02 3.12830e+02 3.12944e+02 3.13038e+02 3.13116e+02 3.13181e+02 3.13236e+02 3.13282e+02 3.13319e+02 3.13350e+02 3.13373e+02 3.13391e+02 3.13404e+02 3.13411e+02 3.13413e+02
8.00080e+03 3.07427e+02 3.12359e+02 3.12534e+02 3.12671e+02 3.12782e+02 3.12874e+02 3.12951e+02 3.13015e+02 3.13069e+02 3.13114e+02 3.13150e+02 3.13180e+02 3.13203e+02 3.13221e+02 3.13233e+02 3.13240e+02 3.13242e+02
8.05081e+03 3.07377e+02 3.12209e+02 3.12381e+02 3.12515e+02 3.12624e+02 3.12714e+02 3.12790e+02 3.12852e+02 3.12905e+02 3.12949e+02 3.12985e+02 3.13014e+02 3.13037e+02 3.13054e+02 3.13066e+02 3.13073e+02 3.13075e+02
8.10081e+03 3.07329e+02 3.12063e+02 3.12231e+02 3.12363e+02 3.12470e+02 3.12558e+02 3.12631e+02 3.12693e+02 3.12745e+02 3.12788e+02 3.12823e+02 3.12851e+02 3.12874e+02 3.12891e+02 3.12902e+02 3.12909e+02 3.12911e+02
8.15082e+03 3.07282e+02 3.11919e+02 3.12084e+02 3.12213e+02 3.12318e+02 3.12404e+02 3.12477e+02 3.12537e+02 3.12587e+02 3.12629e+02 3.12664e+02 3.12692e+02 3.12714e+02 3.12730e+02 3.12742e+02 3.12748e+02 3.12750e+02
8.20082e+03 3.07235e+02 3.11779e+02 3.11940e+02 3.12067e+02 3.12169e+02 3.12254e+02 3.12325e+02 3.12384e+02 3.12433e+02 3.12475e+02 3.12508e+02 3.12536e+02 3.12557e+02 3.12573e+02 3.12585e+02 3.12591e+02 3.12593e+02
8.25083e+03 3.07190e+02 3.11641e+02 3.11799e+02 3.11923e+02 3.12024e+02 3.12107e+02 3.12176e+02 3.12234e+02 3.12282e+02 3.12323e+02 3.12356e+02 3.12383e+02 3.12404e+02 3.12420e+02 3.12431e+02 3.12437e+02 3.12439e+02
8.30083e+03 3.07146e+02 3.11507e+02 3.11661e+02 3.11783e+02 3.11881e+02 3.11963e+02 3.12030e+02 3.12087e+02 3.12135e+02 3.12174e+02 3.12207e+02 3.12233e+02 3.12254e+02 3.12269e+02 3.12280e+02 3.12286e+02 3.12288e+02
8.35084e+03 3.07102e+02 3.11374e+02 3.11526e+02 3.11645e+02 3.11742e+02 3.11821e+02 3.11888e+02 3.11943e+02 3.11990e+02 3.12028e+02 3.12060e+02 3.12086e+02 3.12106e+02 3.12121e+02 3.12132e+02 3.12138e+02 3.12140e+02
8.40084e+03 3.07059e+02 3.11245e+02 3.11394e+02 3.11510e+02 3.11605e+02 3.11683e+02 3.11748e+02 3.11802e+02 3.11848e+02 3.11886e+02 3.11917e+02 3.11942e+02 3.11962e+02 3.11977e+02 3.11987e+02 3.11993e+02 3.11995e+02
8.45085e+03 3.07018e+02 3.11118e+02 3.11264e+02 3.11378e+02 3.11471e+02 3.11547e+02 3.11611e+02 3.11664e+02 3.11709e+02 3.11746e+02 3.11777e+02 3.11801e+02 3.11821e+02 3.11835e+02 3.11845e+02 3.11851e+02 3.11853e+02
8.50085e+03 3.06977e+02 3.10994e+02 3.11137e+02 3.11249e+02 3.11339e+02 3.11414e+02 3.11477e+02 3.11529e+02 3.11573e+02 3.11609e+02 3.11639e+02 3.11663e+02 3.11682e+02 3.11697e+02 3.11706e+02 3.11712e+02 3.11714e+02
8.55086e+03 3.06936e+02 3.10872e+02 3.11012e+02 3.11122e+02 3.11211e+02 3.11284e+02 3.11345e+02 3.11396e+02 3.11439e+02 3.11475e+02 3.11504e+02 3.11528e+02 3.11547e+02 3.11561e+02 3.11570e+02 3.11576e+02 3.11578e+02
8.60086e+03 3.06897e+02 3.10753e+02 3.10890e+02 3.10997e+02 3.11085e+02 3.11156e+02 3.11216e+02 3.11266e+02 3.11308e+02 3.11343e+02 3.11372e+02 3.11395e+02 3.11414e+02 3.11427e+02 3.11437e+02 3.11442e+02 3.11444e+02
8.65087e+03 3.06859e+02 3.10636e+02 3.10770e+02 3.10876e+02 3.10961e+02 3.11031e+02 3.11090e+02 3.11139e+02 3.11180e+02 3.11215e+02 3.11243e+02 3.11266e+02 3.11284e+02 3.11297e+02 3.11306e+02 3.11312e+02 3.11313e+02
8.70087e+03 3.06821e+02 3.10522e+02 3.10653e+02 3.10756e+02 3.10840e+02 3.10909e+02 3.10966e+02 3.11015e+02 3.11055e+02 3.11089e+02 3.11116e+02 3.11138e+02 3.11156e+02 3.11169e+02 3.11178e+02 3.11183e+02 3.11185e+02
8.75088e+03 3.06784e+02 3.10410e+02 3.10539e+02 3.10640e+02 3.10721e+02 3.10789e+02 3.10845e+02 3.10893e+02 3.10932e+02 3.10965e+02 3.10992e+02 3.11014e+02 3.11031e+02 3.11044e+02 3.11053e+02 3.11058e+02 3.11060e+02
8.80088e+03 3.06748e+02 3.10300e+02 3.10426e+02 3.10525e+02 3.10605e+02 3.10672e+02 3.10727e+02 3.10773e+02 3.10812e+02 3.10844e+02 3.10870e+02 3.10892e+02 3.10909e+02 3.10921e+02 3.10930e+02 3.10935e+02 3.10937e+02
8.85089e+03 3.06712e+02 3.10192e+02 3.10316e+02 3.10413e+02 3.10492e+02 3.10556e+02 3.10610e+02 3.10656e+02 3.10694e+02 3.10725e+02 3.10751e+02 3.10772e+02 3.10789e+02 3.10801e+02 3.10810e+02 3.10814e+02 3.10816e+02
8.90089e+03 3.06678e+02 3.10087e+02 3.10208e+02 3.10303e+02 3.10380e+02 3.10444e+02 3.10497e+02 3.10541e+02 3.10578e+02 3.10609e+02 3.10634e+02 3.10655e+02 3.10671e+02 3.10683e+02 3.10692e+02 3.10696e+02 3.10698e+02
8.95090e+03 3.06643e+02 3.09984e+02 3.10102e+02 3.10195e+02 3.10271e+02 3.10333e+02 3.10385e+02 3.10428e+02 3.10465e+02 3.10495e+02 3.10520e+02 3.10540e+02 3.10556e+02 3.10568e+02 3.10576e+02 3.10581e+02 3.10582e+02
9.00090e+03 3.06610e+02 3.09883e+02 3.09999e+02 3.10090e+02 3.10164e+02 3.10225e+02 3.10276e+02 3.10318e+02 3.10354e+02 3.10384e+02 3.10408e+02 3.10428e+02 3.10443e+02 3.10455e+02 3.10463e+02 3.10468e+02 3.10469e+02
9.05091e+03 3.06577e+02 3.09784e+02 3.09897e+02 3.09987e+02 3.10059e+02 3.10119e+02 3.10169e+02 3.10210e+02 3.10245e+02 3.10274e+02 3.10298e+02 3.10318e+02 3.10333e+02 3.10344e+02 3.10352e+02 3.10357e+02 3.10358e+02
9.10091e+03 3.06545e+02 3.09686e+02 3.09798e+02 3.09885e+02 3.09956e+02 3.10015e+02 3.10064e+02 3.10105e+02 3.10139e+02 3.10167e+02 3.10191e+02 3.10210e+02 3.10225e+02 3.10236e+02 3.10243e+02 3.10248e+02 3.10249e+02
9.15092e+03 3.06514e+02 3.09591e+02 3.09701e+02 3.09786e+02 3.09856e+02 3.09913e+02 3.09961e+02 3.10001e+02 3.10035e+02 3.10062e+02 3.10085e+02 3.10104e+02 3.10119e+02 3.10129e+02 3.10137e+02 3.10141e+02 3.10143e+02
9.20092e+03 3.06483e+02 3.09498e+02 3.09605e+02 3.09689e+02 3.09757e+02 3.09813e+02 3.09860e+02 3.09899e+02 3.09932e+02 3.09960e+02 3.09982e+02 3.10000e+02 3.10015e+02 3.10025e+02 3.10033e+02 3.10037e+02 3.10038e+02
9.25093e+03 3.06453e+02 3.09407e+02 3.09512e+02 3.09594e+02 3.09661e+02 3.09716e+02 3.09762e+02 3.09800e+02 3.09832e+02 3.09859e+02 3.09881e+02 3.09899e+02 3.09913e+02 3.09923e+02 3.09931e+02 3.09935e+02 3.09936e+02
9.30093e+03 3.06424e+02 3.09317e+02 3.09420e+02 3.09501e+02 3.09566e+02 3.09620e+02 3.09665e+02 3.09703e+02 3.09734e+02 3.09760e+02 3.09782e+02 3.09799e+02 3.09813e+02 3.09823e+02 3.09830e+02 3.09835e+02 3.09836e+02
9.35094e+03 3.06395e+02 3.09230e+02 3.09330e+02 3.09409e+02 3.09473e+02 3.09526e+02 3.09570e+02 3.09607e+02 3.09638e+02 3.09664e+02 3.09685e+02 3.09702e+02 3.09715e+02 3.09725e+02 3.09732e+02 3.09736e+02 3.09738e+02
9.40094e+03 3.06367e+02 3.09144e+02 3.09242e+02 3.09320e+02 3.09383e+02 3.09434e+02 3.09477e+02 3.09514e+02 3.09544e+02 3.09569e+02 3.09590e+02 3.09607e+02 3.09620e+02 3.09630e+02 3.09636e+02 3.09640e+02 3.09642e+02
9.45095e+03 3.06339e+02 3.09060e+02 3.09156e+02 3.09232e+02 3.09294e+02 3.09344e+02 3.09387e+02 3.09422e+02 3.09452e+02 3.09476e+02 3.09497e+02 3.09513e+02 3.09526e+02 3.09536e+02 3.09542e+02 3.09546e+02 3.09547e+02
9.50095e+03 3.06312e+02 3.08977e+02 3.09072e+02 3.09146e+02 3.09206e+02 3.09256e+02 3.09298e+02 3.09332e+02 3.09361e+02 3.09385e+02 3.09405e+02 3.09421e+02 3.09434e+02 3.09444e+02 3.09450e+02 3.09454e+02 3.09455e+02
9.55096e+03 3.06285e+02 3.08897e+02 3.08989e+02 3.09062e+02 3.09121e+02 3.09170e+02 3.09210e+02 3.09244e+02 3.09273e+02 3.09296e+02 3.09316e+02 3.09332e+02 3.09344e+02 3.09353e+02 3.09360e+02 3.09363e+02 3.09365e+02
9.60096e+03 3.06259e+02 3.08818e+02 3.08908e+02 3.08980e+02 3.09037e+02 3.09085e+02 3.09125e+02 3.09158e+02 3.09186e+02 3.09209e+02 3.09228e+02 3.09244e+02 3.09256e+02 3.09265e+02 3.09271e+02 3.09275e+02 3.09276e+02
9.65097e+03 3.06233e+02 3.08740e+02 3.08829e+02 3.08899e+02 3.08955e+02 3.09002e+02 3.09041e+02 3.09074e+02 3.09101e+02 3.09124e+02 3.09143e+02 3.09158e+02 3.09169e+02 3.09178e+02 3.09185e+02 3.09188e+02 3.09189e+02
9.70097e+03 3.06208e+02 3.08664e+02 3.08751e+02 3.08820e+02 3.08875e+02 3.08921e+02 3.08959e+02 3.08991e+02 3.09018e+02 3.09040e+02 3.09058e+02 3.09073e+02 3.09085e+02 3.09094e+02 3.09100e+02 3.09103e+02 3.09104e+02
9.75098e+03 3.06184e+02 3.08590e+02 3.08675e+02 3.08742e+02 3.08797e+02 3.08841e+02 3.08879e+02 3.08910e+02 3.08936e+02 3.08958e+02 3.08976e+02 3.08991e+02 3.09002e+02 3.09010e+02 3.09016e+02 3.09020e+02 3.09021e+02
9.80098e+03 3.06160e+02 3.08517e+02 3.08601e+02 3.08666e+02 3.08719e+02 3.08763e+02 3.08800e+02 3.08831e+02 3.08856e+02 3.08878e+02 3.08895e+02 3.08910e+02 3.08921e+02 3.08929e+02 3.08935e+02 3.08938e+02 3.08939e+02
9.85099e+03 3.06136e+02 3.08446e+02 3.08527e+02 3.08592e+02 3.08644e+02 3.08687e+02 3.08723e+02 3.08753e+02 3.08778e+02 3.08799e+02 3.08816e+02 3.08830e+02 3.08841e+02 3.08849e+02 3.08855e+02 3.08858e+02 3.08859e+02
9.90099e+03 3.06113e+02 3.08376e+02 3.08456e+02 3.08519e+02 3.08570e+02 3.08612e+02 3.08647e+02 3.08677e+02 3.08701e+02 3.08722e+02 3.08739e+02 3.08752e+02 3.08763e+02 3.08771e+02 3.08777e+02 3.08780e+02 3.08781e+02
9.95100e+03 3.06091e+02 3.08307e+02 3.08386e+02 3.08447e+02 3.08498e+02 3.08539e+02 3.08573e+02 3.08602e+02 3.08626e+02 3.08646e+02 3.08663e+02 3.08676e+02 3.08687e+02 3.08695e+02 3.08700e+02 3.08703e+02 3.08704e+02
1.00010e+04 3.06068e+02 3.08240e+02 3.08317e+02 3.08377e+02 3.08427e+02 3.08467e+02 3.08501e+02 3.08529e+02 3.08553e+02 3.08572e+02 3.08589e+02 3.08602e+02 3.08612e+02 3.08620e+02 3.08625e+02 3.08628e+02 3.08629e+02
1.00510e+04 3.06047e+02 3.08174e+02 3.08250e+02 3.08309e+02 3.08357e+02 3.08397e+02 3.08430e+02 3.08457e+02 3.08481e+02 3.08500e+02 3.08516e+02 3.08529e+02 3.08539e+02 3.08546e+02 3.08551e+02 3.08554e+02 3.08555e+02
1.01010e+04 3.06025e+02 3.08110e+02 3.08184e+02 3.08242e+02 3.08289e+02 3.08328e+02 3.08360e+02 3.08387e+02 3.08410e+02 3.08429e+02 3.08444e+02 3.08457e+02 3.08467e+02 3.08474e+02 3.08479e+02 3.08482e+02 3.08483e+02
1.01510e+04 3.06005e+02 3.08047e+02 3.08119e+02 3.08176e+02 3.08222e+02 3.08260e+02 3.08292e+02 3.08318e+02 3.08341e+02 3.08359e+02 3.08374e+02 3.08387e+02 3.08396e+02 3.08404e+02 3.08409e+02 3.08412e+02 3.08412e+02
1.02010e+04 3.05984e+02 3.07985e+02 3.08056e+02 3.08111e+02 3.08157e+02 3.08194e+02 3.08225e+02 3.08251e+02 3.08273e+02 3.08291e+02 3.08306e+02 3.08318e+02 3.08327e+02 3.08335e+02 3.08339e+02 3.08342e+02 3.08343e+02
1.02510e+04 3.05964e+02 3.07924e+02 3.07994e+02 3.08048e+02 3.08093e+02 3.08129e+02 3.08160e+02 3.08185e+02 3.08206e+02 3.08224e+02 3.08239e+02 3.08251e+02 3.08260e+02 3.08267e+02 3.08272e+02 3.08274e+02 3.08275e+02
1.03010e+04 3.05945e+02 3.07865e+02 3.07933e+02 3.07986e+02 3.08030e+02 3.08066e+02 3.08095e+02 3.08120e+02 3.08141e+02 3.08159e+02 3.08173e+02 3.08185e+02 3.08194e+02 3.08201e+02 3.08205e+02 3.08208e+02 3.08209e+02
1.03510e+04 3.05926e+02 3.07807e+02 3.07873e+02 3.07926e+02 3.07968e+02 3.08003e+02 3.08033e+02 3.08057e+02 3.08078e+02 3.08095e+02 3.08109e+02 3.08120e+02 3.08129e+02 3.08136e+02 3.08140e+02 3.08143e+02 3.08144e+02
1.04010e+04 3.05907e+02 3.07750e+02 3.07815e+02 3.07866e+02 3.07908e+02 3.07942e+02 3.07971e+02 3.07995e+02 3.08015e+02 3.08032e+02 3.08046e+02 3.08057e+02 3.08065e+02 3.08072e+02 3.08076e+02 3.08079e+02 3.08080e+02
1.04510e+04 3.05888e+02 3.07694e+02 3.07758e+02 3.07808e+02 3.07849e+02 3.07883e+02 3.07911e+02 3.07934e+02 3.07954e+02 3.07970e+02 3.07984e+02 3.07995e+02 3.08003e+02 3.08010e+02 3.08014e+02 3.08016e+02 3.08017e+02
1.05011e+04 3.05870e+02 3.07639e+02 3.07702e+02 3.07751e+02 3.07791e+02 3.07824e+02 3.07852e+02 3.07875e+02 3.07894e+02 3.07910e+02 3.07923e+02 3.07934e+02 3.07942e+02 3.07948e+02 3.07953e+02 3.07955e+02 3.07956e+02
1.05511e+04 3.05853e+02 3.07586e+02 3.07647e+02 3.07695e+02 3.07734e+02 3.07767e+02 3.07794e+02 3.07816e+02 3.07835e+02 3.07851e+02 3.07864e+02 3.07874e+02 3.07882e+02 3.07889e+02 3.07893e+02 3.07895e+02 3.07896e+02
1.06011e+04 3.05835e+02 3.07533e+02 3.07593e+02 3.07641e+02 3.07679e+02 3.07711e+02 3.07737e+02 3.07759e+02 3.07778e+02 3.07793e+02 3.07806e+02 3.07816e+02 3.07824e+02 3.07830e+02 3.07834e+02 3.07836e+02 3.07837e+02
1.06511e+04 3.05818e+02 3.07482e+02 3.07541e+02 3.07587e+02 3.07625e+02 3.07656e+02 3.07681e+02 3.07703e+02 3.07721e+02 3.07736e+02 3.07749e+02 3.07759e+02 3.07767e+02 3.07772e+02 3.07777e+02 3.07779e+02 3.07780e+02
1.07011e+04 3.05802e+02 3.07431e+02 3.07489e+02 3.07535e+02 3.07571e+02 3.07602e+02 3.07627e+02 3.07648e+02 3.07666e+02 3.07681e+02 3.07693e+02 3.07703e+02 3.07710e+02 3.07716e+02 3.07720e+02 3.07723e+02 3.07723e+02
1.07511e+04 3.05785e+02 3.07382e+02 3.07439e+02 3.07483e+02 3.07519e+02 3.07549e+02 3.07574e+02 3.07594e+02 3.07612e+02 3.07626e+02 3.07638e+02 3.07648e+02 3.07655e+02 3.07661e+02 3.07665e+02 3.07667e+02 3.07668e+02
1.08011e+04 3.05770e+02 3.07334e+02 3.07389e+02 3.07433e+02 3.07468e+02 3.07497e+02 3.07521e+02 3.07542e+02 3.07559e+02 3.07573e+02 3.07585e+02 3.07594e+02 3.07602e+02 3.07607e+02 3.07611e+02 3.07613e+02 3.07614e+02
1.08511e+04 3.05754e+02 3.07286e+02 3.07341e+02 3.07383e+02 3.07418e+02 3.07446e+02 3.07470e+02 3.07490e+02 3.07507e+02 3.07521e+02 3.07532e+02 3.07541e+02 3.07549e+02 3.07554e+02 3.07558e+02 3.07560e+02 3.07561e+02
1.09011e+04 3.05739e+02 3.07240e+02 3.07293e+02 3.07335e+02 3.07369e+02 3.07397e+02 3.07420e+02 3.07440e+02 3.07456e+02 3.07470e+02 3.07481e+02 3.07490e+02 3.07497e+02 3.07502e+02 3.07506e+02 3.07508e+02 3.07509e+02
1.09511e+04 3.05724e+02 3.07194e+02 3.07247e+02 3.07288e+02 3.07321e+02 3.07348e+02 3.07371e+02 3.07390e+02 3.07406e+02 3.07419e+02 3.07430e+02 3.07439e+02 3.07446e+02 3.07452e+02 3.07455e+02 3.07457e+02 3.07458e+02
1.10011e+04 3.05709e+02 3.07150e+02 3.07201e+02 3.07241e+02 3.07274e+02 3.07300e+02 3.07323e+02 3.07342e+02 3.07357e+02 3.07370e+02 3.07381e+02 3.07390e+02 3.07397e+02 3.07402e+02 3.07405e+02 3.07407e+02 3.07408e+02
1.10511e+04 3.05695e+02 3.07106e+02 3.07156e+02 3.07196e+02 3.07227e+02 3.07254e+02 3.07276e+02 3.07294e+02 3.07309e+02 3.07322e+02 3.07333e+02 3.07341e+02 3.07348e+02 3.07353e+02 3.07356e+02 3.07358e+02 3.07359e+02
1.11011e+04 3.05680e+02 3.07063e+02 3.07112e+02 3.07151e+02 3.07182e+02 3.07208e+02 3.07230e+02 3.07248e+02 3.07263e+02 3.07275e+02 3.07285e+02 3.07294e+02 3.07300e+02 3.07305e+02 3.07309e+02 3.07311e+02 3.07311e+02
1.11511e+04 3.05667e+02 3.07022e+02 3.07070e+02 3.07107e+02 3.07138e+02 3.07163e+02 3.07184e+02 3.07202e+02 3.07217e+02 3.07229e+02 3.07239e+02 3.07247e+02 3.07254e+02 3.07258e+02 3.07262e+02 3.07264e+02 3.07264e+02
1.12011e+04 3.05653e+02 3.06981e+02 3.07028e+02 3.07065e+02 3.07095e+02 3.07119e+02 3.07140e+02 3.07157e+02 3.07172e+02 3.07184e+02 3.07194e+02 3.07202e+02 3.07208e+02 3.07213e+02 3.07216e+02 3.07218e+02 3.07218e+02
1.12511e+04 3.05640e+02 3.06940e+02 3.06986e+02 3.07023e+02 3.07052e+02 3.07076e+02 3.07097e+02 3.07113e+02 3.07128e+02 3.07139e+02 3.07149e+02 3.07157e+02 3.07163e+02 3.07168e+02 3.07171e+02 3.07173e+02 3.07173e+02
1.13011e+04 3.05627e+02 3.06901e+02 3.06946e+02 3.06982e+02 3.07010e+02 3.07034e+02 3.07054e+02 3.07071e+02 3.07084e+02 3.07096e+02 3.07105e+02 3.07113e+02 3.07119e+02 3.07124e+02 3.07127e+02 3.07129e+02 3.07129e+02
1.13511e+04 3.05614e+02 3.06862e+02 3.06907e+02 3.06941e+02 3.06970e+02 3.06993e+02 3.07012e+02 3.07029e+02 3.07042e+02 3.07053e+02 3.07063e+02 3.07070e+02 3.07076e+02 3.07081e+02 3.07084e+02 3.07085e+02 3.07086e+02
1.14011e+04 3.05602e+02 3.06825e+02 3.06868e+02 3.06902e+02 3.06930e+02 3.06952e+02 3.06971e+02 3.06987e+02 3.07001e+02 3.07012e+02 3.07021e+02 3.07028e+02 3.07034e+02 3.07038e+02 3.07041e+02 3.07043e+02 3.07044e+02
1.14511e+04 3.05589e+02 3.06788e+02 3.06830e+02 3.06863e+02 3.06890e+02 3.06913e+02 3.06931e+02 3.06947e+02 3.06960e+02 3.06971e+02 3.06980e+02 3.06987e+02 3.06993e+02 3.06997e+02 3.07000e+02 3.07002e+02 3.07002e+02
1.15012e+04 3.05577e+02 3.06751e+02 3.06793e+02 3.06826e+02 3.06852e+02 3.06874e+02 3.06892e+02 3.06908e+02 3.06920e+02 3.06931e+02 3.06940e+02 3.06947e+02 3.06952e+02 3.06956e+02 3.06959e+02 3.06961e+02 3.06962e+02
1.15512e+04 3.05566e+02 3.06716e+02 3.06757e+02 3.06789e+02 3.06815e+02 3.06836e+02 3.06854e+02 3.06869e+02 3.06881e+02 3.06892e+02 3.06900e+02 3.06907e+02 3.06913e+02 3.06917e+02 3.06920e+02 3.06921e+02 3.06922e+02
1.16012e+04 3.05554e+02 3.06681e+02 3.06721e+02 3.06752e+02 3.06778e+02 3.06799e+02 3.06816e+02 3.06831e+02 3.06843e+02 3.06853e+02 3.06862e+02 3.06869e+02 3.06874e+02 3.06878e+02 3.06881e+02 3.06882e+02 3.06883e+02
1.16512e+04 3.05543e+02 3.06647e+02 3.06686e+02 3.06717e+02 3.06742e+02 3.06762e+02 3.06779e+02 3.06794e+02 3.06806e+02 3.06816e+02 3.06824e+02 3.06831e+02 3.06836e+02 3.06840e+02 3.06842e+02 3.06844e+02 3.06845e+02
1.17012e+04 3.05532e+02 3.06613e+02 3.06652e+02 3.06682e+02 3.06706e+02 3.06726e+02 3.06743e+02 3.06757e+02 3.06769e+02 3.06779e+02 3.06787e+02 3.06793e+02 3.06799e+02 3.06802e+02 3.06805e+02 3.06807e+02 3.06807e+02
1.17512e+04 3.05521e+02 3.06581e+02 3.06618e+02 3.06648e+02 3.06672e+02 3.06691e+02 3.06708e+02 3.06722e+02 3.06733e+02 3.06743e+02 3.06751e+02 3.06757e+02 3.06762e+02 3.06766e+02 3.06768e+02 3.06770e+02 3.06770e+02
1.18012e+04 3.05511e+02 3.06549e+02 3.06585e+02 3.06614e+02 3.06638e+02 3.06657e+02 3.06673e+02 3.06687e+02 3.06698e+02 3.06707e+02 3.06715e+02 3.06721e+02 3.06726e+02 3.06730e+02 3.06733e+02 3.06734e+02 3.06735e+02
1.18512e+04 3.05500e+02 3.06517e+02 3.06553e+02 3.06582e+02 3.06605e+02 3.06623e+02 3.06639e+02 3.06652e+02 3.06664e+02 3.06673e+02 3.06680e+02 3.06687e+02 3.06691e+02 3.06695e+02 3.06697e+02 3.06699e+02 3.06699e+02
1.19012e+04 3.05490e+02 3.06486e+02 3.06522e+02 3.06549e+02 3.06572e+02 3.06591e+02 3.06606e+02 3.06619e+02 3.06630e+02 3.06639e+02 3.06646e+02 3.06652e+02 3.06657e+02 3.06661e+02 3.06663e+02 3.06664e+02 3.06665e+02
1.19512e+04 3.05480e+02 3.06456e+02 3.06491e+02 3.06518e+02 3.06540e+02 3.06558e+02 3.06573e+02 3.06586e+02 3.06597e+02 3.06606e+02 3.06613e+02 3.06619e+02 3.06623e+02 3.06627e+02 3.06629e+02 3.06631e+02 3.06631e+02
1.20012e+04 3.05470e+02 3.06427e+02 3.06461e+02 3.06487e+02 3.06509e+02 3.06527e+02 3.06541e+02 3.06554e+02 3.06564e+02 3.06573e+02 3.06580e+02 3.06586e+02 3.06590e+02 3.06594e+02 3.06596e+02 3.06598e+02 3.06598e+02
1.20512e+04 3.05461e+02 3.06398e+02 3.06431e+02 3.06457e+02 3.06478e+02 3.06496e+02 3.06510e+02 3.06522e+02 3.06533e+02 3.06541e+02 3.06548e+02 3.06554e+02 3.06558e+02 3.06561e+02 3.06564e+02 3.06565e+02 3.06566e+02
1.21012e+04 3.05452e+02 3.06369e+02 3.06402e+02 3.06427e+02 3.06448e+02 3.06465e+02 3.06480e+02 3.06491e+02 3.06501e+02 3.06510e+02 3.06517e+02 3.06522e+02 3.06527e+02 3.06530e+02 3.06532e+02 3.06533e+02 3.06534e+02
1.21512e+04 3.05442e+02 3.06342e+02 3.06373e+02 3.06398e+02 3.06419e+02 3.06436e+02 3.06450e+02 3.06461e+02 3.06471e+02 3.06479e+02 3.06486e+02 3.06491e+02 3.06496e+02 3.06499e+02 3.06501e+02 3.06502e+02 3.06503e+02
1.22012e+04 3.05433e+02 3.06314e+02 3.06346e+02 3.06370e+02 3.06390e+02 3.06406e+02 3.06420e+02 3.06432e+02 3.06441e+02 3.06449e+02 3.06456e+02 3.06461e+02 3.06465e+02 3.06468e+02 3.06470e+02 3.06472e+02 3.06472e+02
1.22512e+04 3.05425e+02 3.06288e+02 3.06318e+02 3.06342e+02 3.06362e+02 3.06378e+02 3.06391e+02 3.06403e+02 3.06412e+02 3.06420e+02 3.06426e+02 3.06431e+02 3.06435e+02 3.06439e+02 3.06441e+02 3.06442e+02 3.06442e+02
1.23012e+04 3.05416e+02 3.06261e+02 3.06291e+02 3.06315e+02 3.06334e+02 3.06350e+02 3.06363e+02 3.06374e+02 3.06383e+02 3.06391e+02 3.06397e+02 3.06402e+02 3.06406e+02 3.06409e+02 3.06411e+02 3.06413e+02 3.06413e+02
1.23512e+04 3.05408e+02 3.06236e+02 3.06265e+02 3.06288e+02 3.06307e+02 3.06323e+02 3.06335e+02 3.06346e+02 3.06355e+02 3.06363e+02 3.06369e+02 3.06374e+02 3.06378e+02 3.06381e+02 3.06383e+02 3.06384e+02 3.06384e+02
1.24012e+04 3.05399e+02 3.06211e+02 3.06240e+02 3.06262e+02 3.06281e+02 3.06296e+02 3.06308e+02 3.06319e+02 3.06328e+02 3.06335e+02 3.06341e+02 3.06346e+02 3.06350e+02 3.06353e+02 3.06355e+02 3.06356e+02 3.06356e+02
1.24512e+04 3.05391e+02 3.06186e+02 3.06214e+02 3.06237e+02 3.06255e+02 3.06269e+02 3.06282e+02 3.06292e+02 3.06301e+02 3.06308e+02 3.06314e+02 3.06319e+02 3.06322e+02 3.06325e+02 3.06327e+02 3.06328e+02 3.06329e+02
1.25013e+04 3.05383e+02 3.06162e+02 3.06190e+02 3.06212e+02 3.06229e+02 3.06244e+02 3.06256e+02 3.06266e+02 3.06274e+02 3.06281e+02 3.06287e+02 3.06292e+02 3.06296e+02 3.06298e+02 3.06300e+02 3.06301e+02 3.06302e+02
1.25513e+04 3.05375e+02 3.06139e+02 3.06166e+02 3.06187e+02 3.06204e+02 3.06218e+02 3.06230e+02 3.06240e+02 3.06248e+02 3.06255e+02 3.06261e+02 3.06266e+02 3.06269e+02 3.06272e+02 3.06274e+02 3.06275e+02 3.06275e+02
1.26013e+04 3.05368e+02 3.06115e+02 3.06142e+02 3.06163e+02 3.06180e+02 3.06194e+02 3.06205e+02 3.06215e+02 3.06223e+02 3.06230e+02 3.06235e+02 3.06240e+02 3.06244e+02 3.06246e+02 3.06248e+02 3.06249e+02 3.06249e+02
1.26513e+04 3.05360e+02 3.06093e+02 3.06119e+02 3.06139e+02 3.06156e+02 3.06169e+02 3.06181e+02 3.06190e+02 3.06198e+02 3.06205e+02 3.06210e+02 3.06215e+02 3.06218e+02 3.06221e+02 3.06223e+02 3.06224e+02 3.06224e+02
1.27013e+04 3.05353e+02 3.06071e+02 3.06096e+02 3.06116e+02 3.06132e+02 3.06146e+02 3.06157e+02 3.06166e+02 3.06174e+02 3.06181e+02 3.06186e+02 3.06190e+02 3.06194e+02 3.06196e+02 3.06198e+02 3.06199e+02 3.06199e+02
1.27513e+04 3.05346e+02 3.06049e+02 3.06074e+02 3.06093e+02 3.06109e+02 3.06122e+02 3.06133e+02 3.06143e+02 3.06150e+02 3.06157e+02 3.06162e+02 3.06166e+02 3.06169e+02 3.06172e+02 3.06174e+02 3.06175e+02 3.06175e+02
1.28013e+04 3.05339e+02 3.06028e+02 3.06052e+02 3.06071e+02 3.06087e+02 3.06100e+02 3.06110e+02 3.06119e+02 3.06127e+02 3.06133e+02 3.06138e+02 3.06142e+02 3.06146e+02 3.06148e+02 3.06150e+02 3.06151e+02 3.06151e+02
1.28513e+04 3.05332e+02 3.06007e+02 3.06031e+02 3.06050e+02 3.06065e+02 3.06077e+02 3.06088e+02 3.06097e+02 3.06104e+02 3.06110e+02 3.06115e+02 3.06119e+02 3.06122e+02 3.06125e+02 3.06126e+02 3.06127e+02 3.06128e+02
1.29013e+04 3.05325e+02 3.05986e+02 3.06010e+02 3.06028e+02 3.06043e+02 3.06055e+02 3.06066e+02 3.06074e+02 3.06082e+02 3.06088e+02 3.06092e+02 3.06096e+02 3.06100e+02 3.06102e+02 3.06104e+02 3.06104e+02 3.06105e+02
1.29513e+04 3.05319e+02 3.05966e+02 3.05989e+02 3.06007e+02 3.06022e+02 3.06034e+02 3.06044e+02 3.06053e+02 3.06060e+02 3.06065e+02 3.06070e+02 3.06074e+02 3.06077e+02 3.06080e+02 3.06081e+02 3.06082e+02 3.06082e+02
1.30013e+04 3.05312e+02 3.05947e+02 3.05969e+02 3.05987e+02 3.06001e+02 3.06013e+02 3.06023e+02 3.06031e+02 3.06038e+02 3.06044e+02 3.06049e+02 3.06052e+02 3.06055e+02 3.06058e+02 3.06059e+02 3.06060e+02 3.06060e+02
1.30513e+04 3.05306e+02 3.05927e+02 3.05950e+02 3.05967e+02 3.05981e+02 3.05992e+02 3.06002e+02 3.06010e+02 3.06017e+02 3.06023e+02 3.06027e+02 3.06031e+02 3.06034e+02 3.06036e+02 3.06038e+02 3.06039e+02 3.06039e+02
1.31013e+04 3.05300e+02 3.05909e+02 3.05930e+02 3.05947e+02 3.05961e+02 3.05972e+02 3.05982e+02 3.05990e+02 3.05996e+02 3.06002e+02 3.06006e+02 3.06010e+02 3.06013e+02 3.06015e+02 3.06017e+02 3.06018e+02 3.06018e+02
1.31513e+04 3.05294e+02 3.05890e+02 3.05911e+02 3.05928e+02 3.05941e+02 3.05953e+02 3.05962e+02 3.05970e+02 3.05976e+02 3.05982e+02 3.05986e+02 3.05990e+02 3.05992e+02 3.05995e+02 3.05996e+02 3.05997e+02 3.05997e+02
1.32013e+04 3.05288e+02 3.05872e+02 3.05893e+02 3.05909e+02 3.05922e+02 3.05933e+02 3.05942e+02 3.05950e+02 3.05956e+02 3.05962e+02 3.05966e+02 3.05970e+02 3.05972e+02 3.05974e+02 3.05976e+02 3.05977e+02 3.05977e+02
1.32513e+04 3.05282e+02 3.05854e+02 3.05875e+02 3.05891e+02 3.05904e+02 3.05914e+02 3.05923e+02 3.05931e+02 3.05937e+02 3.05942e+02 3.05946e+02 3.05950e+02 3.05953e+02 3.05955e+02 3.05956e+02 3.05957e+02 3.05957e+02
1.33013e+04 3.05276e+02 3.05837e+02 3.05857e+02 3.05873e+02 3.05885e+02 3.05896e+02 3.05904e+02 3.05912e+02 3.05918e+02 3.05923e+02 3.05927e+02 3.05931e+02 3.05933e+02 3.05935e+02 3.05937e+02 3.05937e+02 3.05938e+02
1.33513e+04 3.05270e+02 3.05820e+02 3.05840e+02 3.05855e+02 3.05867e+02 3.05878e+02 3.05886e+02 3.05893e+02 3.05899e+02 3.05904e+02 3.05908e+02 3.05912e+02 3.05914e+02 3.05916e+02 3.05918e+02 3.05918e+02 3.05919e+02
1.34013e+04 3.05265e+02 3.05803e+02 3.05823e+02 3.05838e+02 3.05850e+02 3.05860e+02 3.05868e+02 3.05875e+02 3.05881e+02 3.05886e+02 3.05890e+02 3.05893e+02 3.05896e+02 3.05898e+02 3.05899e+02 3.05900e+02 3.05900e+02
1.34513e+04 3.05260e+02 3.05787e+02 3.05806e+02 3.05821e+02 3.05832e+02 3.05842e+02 3.05851e+02 3.05857e+02 3.05863e+02 3.05868e+02 3.05872e+02 3.05875e+02 3.05878e+02 3.05879e+02 3.05881e+02 3.05881e+02 3.05882e+02
1.35014e+04 3.05254e+02 3.05771e+02 3.05790e+02 3.05804e+02 3.05816e+02 3.05825e+02 3.05833e+02 3.05840e+02 3.05846e+02 3.05850e+02 3.05854e+02 3.05857e+02 3.05860e+02 3.05862e+02 3.05863e+02 3.05864e+02 3.05864e+02
1.35514e+04 3.05249e+02 3.05756e+02 3.05773e+02 3.05788e+02 3.05799e+02 3.05808e+02 3.05816e+02 3.05823e+02 3.05828e+02 3.05833e+02 3.05837e+02 3.05840e+02 3.05842e+02 3.05844e+02 3.05845e+02 3.05846e+02 3.05846e+02
1.36014e+04 3.05244e+02 3.05740e+02 3.05758e+02 3.05772e+02 3.05783e+02 3.05792e+02 3.05800e+02 3.05806e+02 3.05812e+02 3.05816e+02 3.05820e+02 3.05823e+02 3.05825e+02 3.05827e+02 3.05828e+02 3.05829e+02 3.05829e+02
1.36514e+04 3.05239e+02 3.05725e+02 3.05742e+02 3.05756e+02 3.05767e+02 3.05776e+02 3.05784e+02 3.05790e+02 3.05795e+02 3.05800e+02 3.05803e+02 3.05806e+02 3.05808e+02 3.05810e+02 3.05811e+02 3.05812e+02 3.05812e+02
1.37014e+04 3.05234e+02 3.05710e+02 3.05727e+02 3.05741e+02 3.05751e+02 3.05760e+02 3.05768e+02 3.05774e+02 3.05779e+02 3.05783e+02 3.05787e+02 3.05790e+02 3.05792e+02 3.05794e+02 3.05795e+02 3.05796e+02 3.05796e+02
1.37514e+04 3.05230e+02 3.05696e+02 3.05713e+02 3.05726e+02 3.05736e+02 3.05745e+02 3.05752e+02 3.05758e+02 3.05763e+02 3.05767e+02 3.05771e+02 3.05774e+02 3.05776e+02 3.05778e+02 3.05779e+02 3.05779e+02 3.05780e+02
1.38014e+04 3.05225e+02 3.05682e+02 3.05698e+02 3.05711e+02 3.05721e+02 3.05730e+02 3.05737e+02 3.05743e+02 3.05748e+02 3.05752e+02 3.05755e+02 3.05758e+02 3.05760e+02 3.05762e+02 3.05763e+02 3.05764e+02 3.05764e+02
1.38514e+04 3.05220e+02 3.05668e+02 3.05684e+02 3.05696e+02 3.05707e+02 3.05715e+02 3.05722e+02 3.05728e+02 3.05733e+02 3.05737e+02 3.05740e+02 3.05743e+02 3.05745e+02 3.05746e+02 3.05747e+02 3.05748e+02 3.05748e+02
1.39014e+04 3.05216e+02 3.05655e+02 3.05670e+02 3.05682e+02 3.05692e+02 3.05700e+02 3.05707e+02 3.05713e+02 3.05718e+02 3.05722e+02 3.05725e+02 3.05728e+02 3.05730e+02 3.05731e+02 3.05732e+02 3.05733e+02 3.05733e+02
1.39514e+04 3.05211e+02 3.05641e+02 3.05656e+02 3.05668e+02 3.05678e+02 3.05686e+02 3.05693e+02 3.05698e+02 3.05703e+02 3.05707e+02 3.05710e+02 3.05713e+02 3.05715e+02 3.05716e+02 3.05717e+02 3.05718e+02 3.05718e+02
1.40014e+04 3.05207e+02 3.05628e+02 3.05643e+02 3.05655e+02 3.05664e+02 3.05672e+02 3.05679e+02 3.05684e+02 3.05689e+02 3.05693e+02 3.05696e+02 3.05698e+02 3.05700e+02 3.05702e+02 3.05703e+02 3.05703e+02 3.05704e+02
1.40514e+04 3.05203e+02 3.05615e+02 3.05630e+02 3.05642e+02 3.05651e+02 3.05659e+02 3.05665e+02 3.05670e+02 3.05675e+02 3.05679e+02 3.05682e+02 3.05684e+02 3.05686e+02 3.05688e+02 3.05689e+02 3.05689e+02 3.05689e+02
1.41014e+04 3.05199e+02 3.05603e+02 3.05617e+02 3.05629e+02 3.05638e+02 3.05645e+02 3.05652e+02 3.05657e+02 3.05661e+02 3.05665e+02 3.05668e+02 3.05670e+02 3.05672e+02 3.05674e+02 3.05675e+02 3.05675e+02 3.05675e+02
1.41514e+04 3.05195e+02 3.05591e+02 3.05605e+02 3.05616e+02 3.05625e+02 3.05632e+02 3.05638e+02 3.05643e+02 3.05648e+02 3.05651e+02 3.05654e+02 3.05657e+02 3.05659e+02 3.05660e+02 3.05661e+02 3.05661e+02 3.05662e+02
1.42014e+04 3.05191e+02 3.05579e+02 3.05593e+02 3.05603e+02 3.05612e+02 3.05619e+02 3.05625e+02 3.05630e+02 3.05635e+02 3.05638e+02 3.05641e+02 3.05643e+02 3.05645e+02 3.05647e+02 3.05648e+02 3.05648e+02 3.05648e+02
1.42514e+04 3.05187e+02 3.05567e+02 3.05580e+02 3.05591e+02 3.05600e+02 3.05607e+02 3.05613e+02 3.05618e+02 3.05622e+02 3.05625e+02 3.05628e+02 3.05630e+02 3.05632e+02 3.05633e+02 3.05634e+02 3.05635e+02 3.05635e+02
1.43014e+04 3.05183e+02 3.05556e+02 3.05569e+02 3.05579e+02 3.05588e+02 3.05594e+02 3.05600e+02 3.05605e+02 3.05609e+02 3.05613e+02 3.05615e+02 3.05618e+02 3.05619e+02 3.05621e+02 3.05622e+02 3.05622e+02 3.05622e+02
1.43514e+04 3.05179e+02 3.05544e+02 3.05557e+02 3.05567e+02 3.05576e+02 3.05582e+02 3.05588e+02 3.05593e+02 3.05597e+02 3.05600e+02 3.05603e+02 3.05605e+02 3.05607e+02 3.05608e+02 3.05609e+02 3.05609e+02 3.05610e+02
1.44014e+04 3.05176e+02 3.05533e+02 3.05546e+02 3.05556e+02 3.05564e+02 3.05571e+02 3.05576e+02 3.05581e+02 3.05585e+02 3.05588e+02 3.05591e+02 3.05593e+02 3.05594e+02 3.05596e+02 3.05597e+02 3.05597e+02 3.05597e+02
1.44514e+04 3.05172e+02 3.05522e+02 3.05535e+02 3.05545e+02 3.05552e+02 3.05559e+02 3.05564e+02 3.05569e+02 3.05573e+02 3.05576e+02 3.05579e+02 3.05581e+02 3.05582e+02 3.05584e+02 3.05584e+02 3.05585e+02 3.05585e+02
1.45015e+04 3.05169e+02 3.05512e+02 3.05524e+02 3.05534e+02 3.05541e+02 3.05548e+02 3.05553e+02 3.05557e+02 3.05561e+02 3.05564e+02 3.05567e+02 3.05569e+02 3.05571e+02 3.05572e+02 3.05573e+02 3.05573e+02 3.05573e+02
1.45515e+04 3.05165e+02 3.05501e+02 3.05513e+02 3.05523e+02 3.05530e+02 3.05537e+02 3.05542e+02 3.05546e+02 3.05550e+02 3.05553e+02 3.05555e+02 3.05557e+02 3.05559e+02 3.05560e+02 3.05561e+02 3.05561e+02 3.05562e+02
1.46015e+04 3.05162e+02 3.05491e+02 3.05503e+02 3.05512e+02 3.05520e+02 3.05526e+02 3.05531e+02 3.05535e+02 3.05539e+02 3.05542e+02 3.05544e+02 3.05546e+02 3.05548e+02 3.05549e+02 3.05550e+02 3.05550e+02 3.05550e+02
1.46515e+04 3.05159e+02 3.05481e+02 3.05493e+02 3.05502e+02 3.05509e+02 3.05515e+02 3.05520e+02 3.05524e+02 3.05528e+02 3.05531e+02 3.05533e+02 3.05535e+02 3.05537e+02 3.05538e+02 3.05538e+02 3.05539e+02 3.05539e+02
1.47015e+04 3.05155e+02 3.05472e+02 3.05483e+02 3.05492e+02 3.05499e+02 3.05505e+02 3.05509e+02 3.05514e+02 3.05517e+02 3.05520e+02 3.05522e+02 3.05524e+02 3.05526e+02 3.05527e+02 3.05528e+02 3.05528e+02 3.05528e+02
1.47515e+04 3.05152e+02 3.05462e+02 3.05473e+02 3.05482e+02 3.05489e+02 3.05494e+02 3.05499e+02 3.05503e+02 3.05507e+02 3.05509e+02 3.05512e+02 3.05514e+02 3.05515e+02 3.05516e+02 3.05517e+02 3.05517e+02 3.05517e+02
1.48015e+04 3.05149e+02 3.05453e+02 3.05463e+02 3.05472e+02 3.05479e+02 3.05484e+02 3.05489e+02 3.05493e+02 3.05496e+02 3.05499e+02 3.05501e+02 3.05503e+02 3.05505e+02 3.05506e+02 3.05506e+02 3.05507e+02 3.05507e+02
1.48515e+04 3.05146e+02 3.05443e+02 3.05454e+02 3.05462e+02 3.05469e+02 3.05474e+02 3.05479e+02 3.05483e+02 3.05486e+02 3.05489e+02 3.05491e+02 3.05493e+02 3.05494e+02 3.05495e+02 3.05496e+02 3.05497e+02 3.05497e+02
1.49015e+04 3.05143e+02 3.05434e+02 3.05445e+02 3.05453e+02 3.05459e+02 3.05465e+02 3.05469e+02 3.05473e+02 3.05476e+02 3.05479e+02 3.05481e+02 3.05483e+02 3.05484e+02 3.05485e+02 3.05486e+02 3.05486e+02 3.05487e+02
1.49515e+04 3.05140e+02 3.05426e+02 3.05436e+02 3.05444e+02 3.05450e+02 3.05455e+02 3.05460e+02 3.05464e+02 3.05467e+02 3.05469e+02 3.05471e+02 3.05473e+02 3.05474e+02 3.05475e+02 3.05476e+02 3.05477e+02 3.05477e+02
1.50015e+04 3.05138e+02 3.05417e+02 3.05427e+02 3.05435e+02 3.05441e+02 3.05446e+02 3.05451e+02 3.05454e+02 3.05457e+02 3.05460e+02 3.05462e+02 3.05464e+02 3.05465e+02 3.05466e+02 3.05467e+02 3.05467e+02 3.05467e+02
1.50515e+04 3.05135e+02 3.05409e+02 3.05418e+02 3.05426e+02 3.05432e+02 3.05437e+02 3.05441e+02 3.05445e+02 3.05448e+02 3.05450e+02 3.05452e+02 3.05454e+02 3.05455e+02 3.05456e+02 3.05457e+02 3.05457e+02 3.05458e+02
1.51015e+04 3.05132e+02 3.05400e+02 3.05410e+02 3.05417e+02 3.05423e+02 3.05428e+02 3.05432e+02 3.05436e+02 3.05439e+02 3.05441e+02 3.05443e+02 3.05445e+02 3.05446e+02 3.05447e+02 3.05448e+02 3.05448e+02 3.05448e+02
1.51515e+04 3.05129e+02 3.05392e+02 3.05401e+02 3.05409e+02 3.05415e+02 3.05420e+02 3.05424e+02 3.05427e+02 3.05430e+02 3.05432e+02 3.05434e+02 3.05436e+02 3.05437e+02 3.05438e+02 3.05439e+02 3.05439e+02 3.05439e+02
1.52015e+04 3.05127e+02 3.05384e+02 3.05393e+02 3.05400e+02 3.05406e+02 3.05411e+02 3.05415e+02 3.05418e+02 3.05421e+02 3.05424e+02 3.05426e+02 3.05427e+02 3.05428e+02 3.05429e+02 3.05430e+02 3.05430e+02 3.05430e+02
1.52515e+04 3.05124e+02 3.05376e+02 3.05385e+02 3.05392e+02 3.05398e+02 3.05403e+02 3.05407e+02 3.05410e+02 3.05413e+02 3.05415e+02 3.05417e+02 3.05418e+02 3.05420e+02 3.05421e+02 3.05421e+02 3.05421e+02 3.05422e+02
1.53015e+04 3.05122e+02 3.05369e+02 3.05378e+02 3.05384e+02 3.05390e+02 3.05395e+02 3.05398e+02 3.05402e+02 3.05404e+02 3.05407e+02 3.05408e+02 3.05410e+02 3.05411e+02 3.05412e+02 3.05413e+02 3.05413e+02 3.05413e+02
1.53515e+04 3.05119e+02 3.05361e+02 3.05370e+02 3.05377e+02 3.05382e+02 3.05387e+02 3.05390e+02 3.05394e+02 3.05396e+02 3.05398e+02 3.05400e+02 3.05402e+02 3.05403e+02 3.05404e+02 3.05404e+02 3.05405e+02 3.05405e+02
1.54015e+04 3.05117e+02 3.05354e+02 3.05362e+02 3.05369e+02 3.05374e+02 3.05379e+02 3.05382e+02 3.05386e+02 3.05388e+02 3.05390e+02 3.05392e+02 3.05393e+02 3.05395e+02 3.05395e+02 3.05396e+02 3.05396e+02 3.05396e+02
1.54515e+04 3.05114e+02 3.05347e+02 3.05355e+02 3.05362e+02 3.05367e+02 3.05371e+02 3.05375e+02 3.05378e+02 3.05380e+02 3.05382e+02 3.05384e+02 3.05385e+02 3.05387e+02 3.05387e+02 3.05388e+02 3.05388e+02 3.05388e+02
1.55016e+04 3.05112e+02 3.05340e+02 3.05348e+02 3.05354e+02 3.05359e+02 3.05364e+02 3.05367e+02 3.05370e+02 3.05373e+02 3.05375e+02 3.05376e+02 3.05378e+02 3.05379e+02 3.05380e+02 3.05380e+02 3.05380e+02 3.05381e+02
1.55516e+04 3.05110e+02 3.05333e+02 3.05341e+02 3.05347e+02 3.05352e+02 3.05356e+02 3.05360e+02 3.05363e+02 3.05365e+02 3.05367e+02 3.05369e+02 3.05370e+02 3.05371e+02 3.05372e+02 3.05372e+02 3.05373e+02 3.05373e+02
1.56016e+04 3.05108e+02 3.05326e+02 3.05334e+02 3.05340e+02 3.05345e+02 3.05349e+02 3.05352e+02 3.05355e+02 3.05358e+02 3.05360e+02 3.05361e+02 3.05363e+02 3.05364e+02 3.05364e+02 3.05365e+02 3.05365e+02 3.05365e+02
1.56516e+04 3.05105e+02 3.05320e+02 3.05327e+02 3.05333e+02 3.05338e+02 3.05342e+02 3.05345e+02 3.05348e+02 3.05350e+02 3.05352e+02 3.05354e+02 3.05355e+02 3.05356e+02 3.05357e+02 3.05357e+02 3.05358e+02 3.05358e+02
1.57016e+04 3.05103e+02 3.05313e+02 3.05320e+02 3.05326e+02 3.05331e+02 3.05335e+02 3.05338e+02 3.05341e+02 3.05343e+02 3.05345e+02 3.05347e+02 3.05348e+02 3.05349e+02 3.05350e+02 3.05350e+02 3.05351e+02 3.05351e+02
1.57516e+04 3.05101e+02 3.05307e+02 3.05314e+02 3.05320e+02 3.05324e+02 3.05328e+02 3.05331e+02 3.05334e+02 3.05336e+02 3.05338e+02 3.05340e+02 3.05341e+02 3.05342e+02 3.05343e+02 3.05343e+02 3.05343e+02 3.05344e+02
1.58016e+04 3.05099e+02 3.05300e+02 3.05308e+02 3.05313e+02 3.05318e+02 3.05322e+02 3.05325e+02 3.05327e+02 3.05329e+02 3.05331e+02 3.05333e+02 3.05334e+02 3.05335e+02 3.05336e+02 3.05336e+02 3.05336e+02 3.05337e+02
1.58516e+04 3.05097e+02 3.05294e+02 3.05301e+02 3.05307e+02 3.05311e+02 3.05315e+02 3.05318e+02 3.05321e+02 3.05323e+02 3.05325e+02 3.05326e+02 3.05327e+02 3.05328e+02 3.05329e+02 3.05329e+02 3.05330e+02 3.05330e+02
1.59016e+04 3.05095e+02 3.05288e+02 3.05295e+02 3.05301e+02 3.05305e+02 3.05309e+02 3.05312e+02 3.05314e+02 3.05316e+02 3.05318e+02 3.05319e+02 3.05321e+02 3.05322e+02 3.05322e+02 3.05323e+02 3.05323e+02 3.05323e+02
1.59516e+04 3.05093e+02 3.05283e+02 3.05289e+02 3.05295e+02 3.05299e+02 3.05302e+02 3.05305e+02 3.05308e+02 3.05310e+02 3.05312e+02 3.05313e+02 3.05314e+02 3.05315e+02 3.05316e+02 3.05316e+02 3.05316e+02 3.05317e+02
1.60016e+04 3.05091e+02 3.05277e+02 3.05283e+02 3.05289e+02 3.05293e+02 3.05296e+02 3.05299e+02 3.05302e+02 3.05304e+02 3.05305e+02 3.05307e+02 3.05308e+02 3.05309e+02 3.05309e+02 3.05310e+02 3.05310e+02 3.05310e+02
1.60516e+04 3.05089e+02 3.05271e+02 3.05278e+02 3.05283e+02 3.05287e+02 3.05290e+02 3.05293e+02 3.05295e+02 3.05297e+02 3.05299e+02 3.05300e+02 3.05302e+02 3.05302e+02 3.05303e+02 3.05303e+02 3.05304e+02 3.05304e+02
1.61016e+04 3.05088e+02 3.05266e+02 3.05272e+02 3.05277e+02 3.05281e+02 3.05284e+02 3.05287e+02 3.05289e+02 3.05291e+02 3.05293e+02 3.05294e+02 3.05295e+02 3.05296e+02 3.05297e+02 3.05297e+02 3.05298e+02 3.05298e+02
1.61516e+04 3.05086e+02 3.05260e+02 3.05267e+02 3.05271e+02 3.05275e+02 3.05279e+02 3.05281e+02 3.05284e+02 3.05285e+02 3.05287e+02 3.05288e+02 3.05289e+02 3.05290e+02 3.05291e+02 3.05291e+02 3.05292e+02 3.05292e+02
1.62016e+04 3.05084e+02 3.05255e+02 3.05261e+02 3.05266e+02 3.05270e+02 3.05273e+02 3.05276e+02 3.05278e+02 3.05280e+02 3.05281e+02 3.05283e+02 3.05284e+02 3.05284e+02 3.05285e+02 3.05285e+02 3.05286e+02 3.05286e+02
1.62516e+04 3.05082e+02 3.05250e+02 3.05256e+02 3.05261e+02 3.05264e+02 3.05267e+02 3.05270e+02 3.05272e+02 3.05274e+02 3.05276e+02 3.05277e+02 3.05278e+02 3.05279e+02 3.05279e+02 3.05280e+02 3.05280e+02 3.05280e+02
1.63016e+04 3.05081e+02 3.05245e+02 3.05251e+02 3.05255e+02 3.05259e+02 3.05262e+02 3.05265e+02 3.05267e+02 3.05268e+02 3.05270e+02 3.05271e+02 3.05272e+02 3.05273e+02 3.05274e+02 3.05274e+02 3.05274e+02 3.05274e+02
1.63516e+04 3.05079e+02 3.05240e+02 3.05246e+02 3.05250e+02 3.05254e+02 3.05257e+02 3.05259e+02 3.05261e+02 3.05263e+02 3.05264e+02 3.05266e+02 3.05267e+02 3.05267e+02 3.05268e+02 3.05268e+02 3.05269e+02 3.05269e+02
1.64016e+04 3.05077e+02 3.05235e+02 3.05241e+02 3.05245e+02 3.05249e+02 3.05251e+02 3.05254e+02 3.05256e+02 3.05258e+02 3.05259e+02 3.05260e+02 3.05261e+02 3.05262e+02 3.05263e+02 3.05263e+02 3.05263e+02 3.05263e+02
1.64516e+04 3.05076e+02 3.05230e+02 3.05236e+02 3.05240e+02 3.05244e+02 3.05246e+02 3.05249e+02 3.05251e+02 3.05252e+02 3.05254e+02 3.05255e+02 3.05256e+02 3.05257e+02 3.05257e+02 3.05258e+02 3.05258e+02 3.05258e+02
1.65017e+04 3.05074e+02 3.05226e+02 3.05231e+02 3.05235e+02 3.05239e+02 3.05241e+02 3.05244e+02 3.05246e+02 3.05247e+02 3.05249e+02 3.05250e+02 3.05251e+02 3.05251e+02 3.05252e+02 3.05252e+02 3.05253e+02 3.05253e+02
1.65517e+04 3.05073e+02 3.05221e+02 3.05226e+02 3.05230e+02 3.05234e+02 3.05236e+02 3.05239e+02 3.05241e+02 3.05242e+02 3.05244e+02 3.05245e+02 3.05246e+02 3.05246e+02 3.05247e+02 3.05247e+02 3.05247e+02 3.05248e+02
1.66017e+04 3.05071e+02 3.05217e+02 3.05222e+02 3.05226e+02 3.05229e+02 3.05232e+02 3.05234e+02 3.05236e+02 3.05237e+02 3.05239e+02 3.05240e+02 3.05241e+02 3.05241e+02 3.05242e+02 3.05242e+02 3.05242e+02 3.05243e+02
1.66517e+04 3.05070e+02 3.05212e+02 3.05217e+02 3.05221e+02 3.05224e+02 3.05227e+02 3.05229e+02 3.05231e+02 3.05233e+02 3.05234e+02 3.05235e+02 3.05236e+02 3.05236e+02 3.05237e+02 3.05237e+02 3.05238e+02 3.05238e+02
1.67017e+04 3.05069e+02 3.05208e+02 3.05213e+02 3.05217e+02 3.05220e+02 3.05222e+02 3.05225e+02 3.05226e+02 3.05228e+02 3.05229e+02 3.05230e+02 3.05231e+02 3.05232e+02 3.05232e+02 3.05233e+02 3.05233e+02 3.05233e+02
1.67517e+04 3.05067e+02 3.05204e+02 3.05208e+02 3.05212e+02 3.05215e+02 3.05218e+02 3.05220e+02 3.05222e+02 3.05223e+02 3.05225e+02 3.05226e+02 3.05226e+02 3.05227e+02 3.05227e+02 3.05228e+02 3.05228e+02 3.05228e+02
1.68017e+04 3.05066e+02 3.05199e+02 3.05204e+02 3.05208e+02 3.05211e+02 3.05213e+02 3.05216e+02 3.05217e+02 3.05219e+02 3.05220e+02 3.05221e+02 3.05222e+02 3.05222e+02 3.05223e+02 3.05223e+02 3.05223e+02 3.05223e+02
1.68517e+04 3.05064e+02 3.05195e+02 3.05200e+02 3.05204e+02 3.05207e+02 3.05209e+02 3.05211e+02 3.05213e+02 3.05214e+02 3.05215e+02 3.05216e+02 3.05217e+02 3.05218e+02 3.05218e+02 3.05219e+02 3.05219e+02 3.05219e+02
1.69017e+04 3.05063e+02 3.05191e+02 3.05196e+02 3.05200e+02 3.05203e+02 3.05205e+02 3.05207e+02 3.05209e+02 3.05210e+02 3.05211e+02 3.05212e+02 3.05213e+02 3.05213e+02 3.05214e+02 3.05214e+02 3.05214e+02 3.05214e+02
1.69517e+04 3.05062e+02 3.05188e+02 3.05192e+02 3.05196e+02 3.05198e+02 3.05201e+02 3.05203e+02 3.05204e+02 3.05206e+02 3.05207e+02 3.05208e+02 3.05209e+02 3.05209e+02 3.05210e+02 3.05210e+02 3.05210e+02 3.05210e+02
1.70017e+04 3.05061e+02 3.05184e+02 3.05188e+02 3.05192e+02 3.05194e+02 3.05197e+02 3.05199e+02 3.05200e+02 3.05202e+02 3.05203e+02 3.05204e+02 3.05204e+02 3.05205e+02 3.05205e+02 3.05206e+02 3.05206e+02 3.05206e+02
1.70517e+04 3.05059e+02 3.05180e+02 3.05184e+02 3.05188e+02 3.05190e+02 3.05193e+02 3.05195e+02 3.05196e+02 3.05197e+02 3.05199e+02 3.05199e+02 3.05200e+02 3.05201e+02 3.05201e+02 3.05201e+02 3.05202e+02 3.05202e+02
1.71017e+04 3.05058e+02 3.05176e+02 3.05181e+02 3.05184e+02 3.05187e+02 3.05189e+02 3.05191e+02 3.05192e+02 3.05193e+02 3.05195e+02 3.05195e+02 3.05196e+02 3.05197e+02 3.05197e+02 3.05197e+02 3.05198e+02 3.05198e+02
1.71517e+04 3.05057e+02 3.05173e+02 3.05177e+02 3.05180e+02 3.05183e+02 3.05185e+02 3.05187e+02 3.05188e+02 3.05190e+02 3.05191e+02 3.05191e+02 3.05192e+02 3.05193e+02 3.05193e+02 3.05193e+02 3.05194e+02 3.05194e+02
1.72017e+04 3.05056e+02 3.05169e+02 3.05173e+02 3.05177e+02 3.05179e+02 3.05181e+02 3.05183e+02 3.05184e+02 3.05186e+02 3.05187e+02 3.05188e+02 3.05188e+02 3.05189e+02 3.05189e+02 3.05189e+02 3.05190e+02 3.05190e+02
1.72517e+04 3.05055e+02 3.05166e+02 3.05170e+02 3.05173e+02 3.05175e+02 3.05178e+02 3.05179e+02 3.05181e+02 3.05182e+02 3.05183e+02 3.05184e+02 3.05184e+02 3.05185e+02 3.05185e+02 3.05186e+02 3.05186e+02 3.05186e+02
1.73017e+04 3.05054e+02 3.05163e+02 3.05166e+02 3.05169e+02 3.05172e+02 3.05174e+02 3.05176e+02 3.05177e+02 3.05178e+02 3.05179e+02 3.05180e+02 3.05181e+02 3.05181e+02 3.05182e+02 3.05182e+02 3.05182e+02 3.05182e+02
1.73517e+04 3.05053e+02 3.05159e+02 3.05163e+02 3.05166e+02 3.05168e+02 3.05170e+02 3.05172e+02 3.05173e+02 3.05175e+02 3.05176e+02 3.05176e+02 3.05177e+02 3.05178e+02 3.05178e+02 3.05178e+02 3.05178e+02 3.05178e+02
1.74017e+04 3.05051e+02 3.05156e+02 3.05160e+02 3.05163e+02 3.05165e+02 3.05167e+02 3.05169e+02 3.05170e+02 3.05171e+02 3.05172e+02 3.05173e+02 3.05173e+02 3.05174e+02 3.05174e+02 3.05175e+02 3.05175e+02 3.05175e+02
1.74517e+04 3.05050e+02 3.05153e+02 3.05156e+02 3.05159e+02 3.05162e+02 3.05164e+02 3.05165e+02 3.05166e+02 3.05168e+02 3.05169e+02 3.05169e+02 3.05170e+02 3.05170e+02 3.05171e+02 3.05171e+02 3.05171e+02 3.05171e+02
1.75018e+04 3.05049e+02 3.05150e+02 3.05153e+02 3.05156e+02 3.05158e+02 3.05160e+02 3.05162e+02 3.05163e+02 3.05164e+02 3.05165e+02 3.05166e+02 3.05166e+02 3.05167e+02 3.05167e+02 3.05168e+02 3.05168e+02 3.05168e+02
1.75518e+04 3.05048e+02 3.05147e+02 3.05150e+02 3.05153e+02 3.05155e+02 3.05157e+02 3.05159e+02 3.05160e+02 3.05161e+02 3.05162e+02 3.05162e+02 3.05163e+02 3.05164e+02 3.05164e+02 3.05164e+02 3.05164e+02 3.05164e+02
1.76018e+04 3.05047e+02 3.05144e+02 3.05147e+02 3.05150e+02 3.05152e+02 3.05154e+02 3.05155e+02 3.05157e+02 3.05158e+02 3.05158e+02 3.05159e+02 3.05160e+02 3.05160e+02 3.05161e+02 3.05161e+02 3.05161e+02 3.05161e+02
1.76518e+04 3.05046e+02 3.05141e+02 3.05144e+02 3.05147e+02 3.05149e+02 3.05151e+02 3.05152e+02 3.05153e+02 3.05154e+02 3.05155e+02 3.05156e+02 3.05157e+02 3.05157e+02 3.05157e+02 3.05158e+02 3.05158e+02 3.05158e+02
1.77018e+04 3.05045e+02 3.05138e+02 3.05141e+02 3.05144e+02 3.05146e+02 3.05148e+02 3.05149e+02 3.05150e+02 3.05151e+02 3.05152e+02 3.05153e+02 3.05153e+02 3.05154e+02 3.05154e+02 3.05154e+02 3.05154e+02 3.05155e+02
1.77518e+04 3.05045e+02 3.05135e+02 3.05138e+02 3.05141e+02 3.05143e+02 3.05145e+02 3.05146e+02 3.05147e+02 3.05148e+02 3.05149e+02 3.05150e+02 3.05150e+02 3.05151e+02 3.05151e+02 3.05151e+02 3.05151e+02 3.05151e+02
1.78018e+04 3.05044e+02 3.05132e+02 3.05136e+02 3.05138e+02 3.05140e+02 3.05142e+02 3.05143e+02 3.05144e+02 3.05145e+02 3.05146e+02 3.05147e+02 3.05147e+02 3.05148e+02 3.05148e+02 3.05148e+02 3.05148e+02 3.05148e+02
1.78518e+04 3.05043e+02 3.05130e+02 3.05133e+02 3.05135e+02 3.05137e+02 3.05139e+02 3.05140e+02 3.05141e+02 3.05142e+02 3.05143e+02 3.05144e+02 3.05144e+02 3.05145e+02 3.05145e+02 3.05145e+02 3.05145e+02 3.05145e+02
1.79018e+04 3.05042e+02 3.05127e+02 3.05130e+02 3.05132e+02 3.05134e+02 3.05136e+02 3.05137e+02 3.05138e+02 3.05139e+02 3.05140e+02 3.05141e+02 3.05141e+02 3.05142e+02 3.05142e+02 3.05142e+02 3.05142e+02 3.05142e+02
1.79518e+04 3.05041e+02 3.05125e+02 3.05127e+02 3.05130e+02 3.05132e+02 3.05133e+02 3.05135e+02 3.05136e+02 3.05137e+02 3.05137e+02 3.05138e+02 3.05138e+02 3.05139e+02 3.05139e+02 3.05139e+02 3.05139e+02 3.05139e+02
1.80018e+04 3.05040e+02 3.05122e+02 3.05125e+02 3.05127e+02 3.05129e+02 3.05131e+02 3.05132e+02 3.05133e+02 3.05134e+02 3.05135e+02 3.05135e+02 3.05136e+02 3.05136e+02 3.05136e+02 3.05136e+02 3.05137e+02 3.05137e+02
1.80518e+04 3.05039e+02 3.05120e+02 3.05122e+02 3.05125e+02 3.05126e+02 3.05128e+02 3.05129e+02 3.05130e+02 3.05131e+02 3.05132e+02 3.05132e+02 3.05133e+02 3.05133e+02 3.05134e+02 3.05134e+02 3.05134e+02 3.05134e+02
1.81018e+04 3.05039e+02 3.05117e+02 3.05120e+02 3.05122e+02 3.05124e+02 3.05125e+02 3.05127e+02 3.05128e+02 3.05128e+02 3.05129e+02 3.05130e+02 3.05130e+02 3.05131e+02 3.05131e+02 3.05131e+02 3.05131e+02 3.05131e+02
1.81518e+04 3.05038e+02 3.05115e+02 3.05117e+02 3.05120e+02 3.05121e+02 3.05123e+02 3.05124e+02 3.05125e+02 3.05126e+02 3.05126e+02 3.05127e+02 3.05128e+02 3.05128e+02 3.05128e+02 3.05128e+02 3.05128e+02 3.05128e+02
1.82018e+04 3.05037e+02 3.05112e+02 3.05115e+02 3.05117e+02 3.05119e+02 3.05120e+02 3.05121e+02 3.05122e+02 3.05123e+02 3.05124e+02 3.05124e+02 3.05125e+02 3.05125e+02 3.05126e+02 3.05126e+02 3.05126e+02 3.05126e+02
1.82518e+04 3.05036e+02 3.05110e+02 3.05113e+02 3.05115e+02 3.05116e+02 3.05118e+02 3.05119e+02 3.05120e+02 3.05121e+02 3.05121e+02 3.05122e+02 3.05122e+02 3.05123e+02 3.05123e+02 3.05123e+02 3.05123e+02 3.05123e+02
1.83018e+04 3.05036e+02 3.05108e+02 3.05110e+02 3.05112e+02 3.05114e+02 3.05115e+02 3.05117e+02 3.05118e+02 3.05118e+02 3.05119e+02 3.05119e+02 3.05120e+02 3.05120e+02 3.05121e+02 3.05121e+02 3.05121e+02 3.05121e+02
1.83518e+04 3.05035e+02 3.05106e+02 3.05108e+02 3.05110e+02 3.05112e+02 3.05113e+02 3.05114e+02 3.05115e+02 3.05116e+02 3.05117e+02 3.05117e+02 3.05117e+02 3.05118e+02 3.05118e+02 3.05118e+02 3.05118e+02 3.05118e+02
1.84018e+04 3.05034e+02 3.05104e+02 3.05106e+02 3.05108e+02 3.05110e+02 3.05111e+02 3.05112e+02 3.05113e+02 3.05114e+02 3.05114e+02 3.05115e+02 3.05115e+02 3.05115e+02 3.05116e+02 3.05116e+02 3.05116e+02 3.05116e+02
1.84518e+04 3.05033e+02 3.05101e+02 3.05104e+02 3.05106e+02 3.05107e+02 3.05109e+02 3.05110e+02 3.05111e+02 3.05111e+02 3.05112e+02 3.05112e+02 3.05113e+02 3.05113e+02 3.05113e+02 3.05114e+02 3.05114e+02 3.05114e+02
1.85019e+04 3.05033e+02 3.05099e+02 3.05102e+02 3.05104e+02 3.05105e+02 3.05106e+02 3.05107e+02 3.05108e+02 3.05109e+02 3.05110e+02 3.05110e+02 3.05110e+02 3.05111e+02 3.05111e+02 3.05111e+02 3.05111e+02 3.05111e+02
1.85519e+04 3.05032e+02 3.05097e+02 3.05100e+02 3.05102e+02 3.05103e+02 3.05104e+02 3.05105e+02 3.05106e+02 3.05107e+02 3.05107e+02 3.05108e+02 3.05108e+02 3.05109e+02 3.05109e+02 3.05109e+02 3.05109e+02 3.05109e+02
1.86019e+04 3.05031e+02 3.05095e+02 3.05098e+02 3.05099e+02 3.05101e+02 3.05102e+02 3.05103e+02 3.05104e+02 3.05105e+02 3.05105e+02 3.05106e+02 3.05106e+02 3.05106e+02 3.05107e+02 3.05107e+02 3.05107e+02 3.05107e+02
1.86519e+04 3.05031e+02 3.05093e+02 3.05096e+02 3.05097e+02 3.05099e+02 3.05100e+02 3.05101e+02 3.05102e+02 3.05103e+02 3.05103e+02 3.05104e+02 3.05104e+02 3.05104e+02 3.05104e+02 3.05105e+02 3.05105e+02 3.05105e+02
1.87019e+04 3.05030e+02 3.05092e+02 3.05094e+02 3.05095e+02 3.05097e+02 3.05098e+02 3.05099e+02 3.05100e+02 3.05100e+02 3.05101e+02 3.05101e+02 3.05102e+02 3.05102e+02 3.05102e+02 3.05102e+02 3.05103e+02 3.05103e+02
1.87519e+04 3.05030e+02 3.05090e+02 3.05092e+02 3.05094e+02 3.05095e+02 3.05096e+02 3.05097e+02 3.05098e+02 3.05098e+02 3.05099e+02 3.05099e+02 3.05100e+02 3.05100e+02 3.05100e+02 3.05100e+02 3.05100e+02 3.05101e+02
1.88019e+04 3.05029e+02 3.05088e+02 3.05090e+02 3.05092e+02 3.05093e+02 3.05094e+02 3.05095e+02 3.05096e+02 3.05096e+02 3.05097e+02 3.05097e+02 3.05098e+02 3.05098e+02 3.05098e+02 3.05098e+02 3.05098e+02 3.05098e+02
1.88519e+04 3.05028e+02 3.05086e+02 3.05088e+02 3.05090e+02 3.05091e+02 3.05092e+02 3.05093e+02 3.05094e+02 3.05094e+02 3.05095e+02 3.05095e+02 3.05096e+02 3.05096e+02 3.05096e+02 3.05096e+02 3.05096e+02 3.05096e+02
1.89019e+04 3.05028e+02 3.05084e+02 3.05086e+02 3.05088e+02 3.05089e+02 3.05090e+02 3.05091e+02 3.05092e+02 3.05093e+02 3.05093e+02 3.05093e+02 3.05094e+02 3.05094e+02 3.05094e+02 3.05094e+02 3.05095e+02 3.05095e+02
1.89519e+04 3.05027e+02 3.05083e+02 3.05085e+02 3.05086e+02 3.05087e+02 3.05088e+02 3.05089e+02 3.05090e+02 3.05091e+02 3.05091e+02 3.05092e+02 3.05092e+02 3.05092e+02 3.05092e+02 3.05093e+02 3.05093e+02 3.05093e+02
1.90019e+04 3.05027e+02 3.05081e+02 3.05083e+02 3.05084e+02 3.05086e+02 3.05087e+02 3.05088e+02 3.05088e+02 3.05089e+02 3.05089e+02 3.05090e+02 3.05090e+02 3.05090e+02 3.05091e+02 3.05091e+02 3.05091e+02 3.05091e+02
1.90519e+04 3.05026e+02 3.05079e+02 3.05081e+02 3.05083e+02 3.05084e+02 3.05085e+02 3.05086e+02 3.05086e+02 3.05087e+02 3.05088e+02 3.05088e+02 3.05088e+02 3.05088e+02 3.05089e+02 3.05089e+02 3.05089e+02 3.05089e+02
1.91019e+04 3.05026e+02 3.05078e+02 3.05080e+02 3.05081e+02 3.05082e+02 3.05083e+02 3.05084e+02 3.05085e+02 3.05085e+02 3.05086e+02 3.05086e+02 3.05086e+02 3.05087e+02 3.05087e+02 3.05087e+02 3.05087e+02 3.05087e+02
1.91519e+04 3.05025e+02 3.05076e+02 3.05078e+02 3.05079e+02 3.05081e+02 3.05082e+02 3.05082e+02 3.05083e+02 3.05084e+02 3.05084e+02 3.05084e+02 3.05085e+02 3.05085e+02 3.05085e+02 3.05085e+02 3.05085e+02 3.05085e+02
1.92019e+04 3.05025e+02 3.05075e+02 3.05076e+02 3.05078e+02 3.05079e+02 3.05080e+02 3.05081e+02 3.05081e+02 3.05082e+02 3.05082e+02 3.05083e+02 3.05083e+02 3.05083e+02 3.05083e+02 3.05084e+02 3.05084e+02 3.05084e+02
1.92519e+04 3.05024e+02 3.05073e+02 3.05075e+02 3.05076e+02 3.05077e+02 3.05078e+02 3.05079e+02 3.05080e+02 3.05080e+02 3.05081e+02 3.05081e+02 3.05081e+02 3.05082e+02 3.05082e+02 3.05082e+02 3.05082e+02 3.05082e+02
1.93019e+04 3.05024e+02 3.05072e+02 3.05073e+02 3.05075e+02 3.05076e+02 3.05077e+02 3.05077e+02 3.05078e+02 3.05079e+02 3.05079e+02 3.05079e+02 3.05080e+02 3.05080e+02 3.05080e+02 3.05080e+02 3.05080e+02 3.05080e+02
1.93519e+04 3.05023e+02 3.05070e+02 3.05072e+02 3.05073e+02 3.05074e+02 3.05075e+02 3.05076e+02 3.05076e+02 3.05077e+02 3.05077e+02 3.05078e+02 3.05078e+02 3.05078e+02 3.05078e+02 3.05079e+02 3.05079e+02 3.05079e+02
1.94019e+04 3.05023e+02 3.05069e+02 3.05070e+02 3.05072e+02 3.05073e+02 3.05074e+02 3.05074e+02 3.05075e+02 3.05075e+02 3.05076e+02 3.05076e+02 3.05076e+02 3.05077e+02 3.05077e+02 3.05077e+02 3.05077e+02 3.05077e+02
1.94519e+04 3.05022e+02 3.05067e+02 3.05069e+02 3.05070e+02 3.05071e+02 3.05072e+02 3.05073e+02 3.05073e+02 3.05074e+02 3.05074e+02 3.05075e+02 3.05075e+02 3.05075e+02 3.05075e+02 3.05075e+02 3.05075e+02 3.05075e+02
1.95020e+04 3.05022e+02 3.05066e+02 3.05068e+02 3.05069e+02 3.05070e+02 3.05071e+02 3.05071e+02 3.05072e+02 3.05072e+02 3.05073e+02 3.05073e+02 3.05073e+02 3.05074e+02 3.05074e+02 3.05074e+02 3.05074e+02 3.05074e+02
1.95520e+04 3.05021e+02 3.05065e+02 3.05066e+02 3.05067e+02 3.05068e+02 3.05069e+02 3.05070e+02 3.05070e+02 3.05071e+02 3.05071e+02 3.05072e+02 3.05072e+02 3.05072e+02 3.05072e+02 3.05072e+02 3.05072e+02 3.05072e+02
1.96020e+04 3.05021e+02 3.05063e+02 3.05065e+02 3.05066e+02 3.05067e+02 3.05068e+02 3.05068e+02 3.05069e+02 3.05070e+02 3.05070e+02 3.05070e+02 3.05070e+02 3.05071e+02 3.05071e+02 3.05071e+02 3.05071e+02 3.05071e+02
1.96520e+04 3.05020e+02 3.05062e+02 3.05064e+02 3.05065e+02 3.05066e+02 3.05066e+02 3.05067e+02 3.05068e+02 3.05068e+02 3.05068e+02 3.05069e+02 3.05069e+02 3.05069e+02 3.05069e+02 3.05069e+02 3.05070e+02 3.05070e+02
1.97020e+04 3.05020e+02 3.05061e+02 3.05062e+02 3.05063e+02 3.05064e+02 3.05065e+02 3.05066e+02 3.05066e+02 3.05067e+02 3.05067e+02 3.05067e+02 3.05068e+02 3.05068e+02 3.05068e+02 3.05068e+02 3.05068e+02 3.05068e+02
1.97520e+04 3.05020e+02 3.05060e+02 3.05061e+02 3.05062e+02 3.05063e+02 3.05064e+02 3.05064e+02 3.05065e+02 3.05065e+02 3.05066e+02 3.05066e+02 3.05066e+02 3.05066e+02 3.05067e+02 3.05067e+02 3.05067e+02 3.05067e+02
1.98020e+04 3.05019e+02 3.05058e+02 3.05060e+02 3.05061e+02 3.05062e+02 3.05063e+02 3.05063e+02 3.05064e+02 3.05064e+02 3.05064e+02 3.05065e+02 3.05065e+02 3.05065e+02 3.05065e+02 3.05065e+02 3.05065e+02 3.05065e+02
1.98520e+04 3.05019e+02 3.05057e+02 3.05059e+02 3.05060e+02 3.05061e+02 3.05061e+02 3.05062e+02 3.05062e+02 3.05063e+02 3.05063e+02 3.05063e+02 3.05064e+02 3.05064e+02 3.05064e+02 3.05064e+02 3.05064e+02 3.05064e+02
1.99020e+04 3.05018e+02 3.05056e+02 3.05057e+02 3.05058e+02 3.05059e+02 3.05060e+02 3.05061e+02 3.05061e+02 3.05061e+02 3.05062e+02 3.05062e+02 3.05062e+02 3.05063e+02 3.05063e+02 3.05063e+02 3.05063e+02 3.05063e+02
1.99520e+04 3.05018e+02 3.05055e+02 3.05056e+02 3.05057e+02 3.05058e+02 3.05059e+02 3.05059e+02 3.05060e+02 3.05060e+02 3.05061e+02 3.05061e+02 3.05061e+02 3.05061e+02 3.05061e+02 3.05061e+02 3.05062e+02 3.05062e+02
