# --------------------------------------------------
#      SOLUTION
# 
# --------------------------------------------------
# 
# |time|node 0|...|node n|
# 
0.00000e+00 2.85150e+02
4.80032e+02 2.85246e+02
9.60064e+02 2.85354e+02
1.44010e+03 2.85461e+02
1.92013e+03 2.85567e+02
2.40016e+03 2.85672e+02
2.88019e+03 2.85776e+02
3.36022e+03 2.85880e+02
3.84026e+03 2.85982e+02
4.32029e+03 2.86084e+02
4.80032e+03 2.86184e+02
5.28035e+03 2.86284e+02
5.76038e+03 2.86383e+02
6.24042e+03 2.86481e+02
6.72045e+03 2.86579e+02
7.20048e+03 2.86675e+02
7.68051e+03 2.86770e+02
8.16054e+03 2.86865e+02
8.64058e+03 2.86959e+02
9.12061e+03 2.87052e+02
9.60064e+03 2.87145e+02
1.00807e+04 2.87236e+02
1.05607e+04 2.87327e+02
1.10407e+04 2.87417e+02
1.15208e+04 2.87506e+02
1.20008e+04 2.87594e+02
1.24808e+04 2.87682e+02
1.29609e+04 2.87769e+02
1.34409e+04 2.87855e+02
1.39209e+04 2.87940e+02
1.44010e+04 2.88024e+02
1.48810e+04 2.88108e+02
1.53610e+04 2.88191e+02
1.58411e+04 2.88274e+02
1.63211e+04 2.88355e+02
1.68011e+04 2.88436e+02
1.72812e+04 2.88517e+02
1.77612e+04 2.88596e+02
1.82412e+04 2.88675e+02
1.87212e+04 2.88753e+02
1.92013e+04 2.88831e+02
1.96813e+04 2.88908e+02
2.01613e+04 2.88984e+02
2.06414e+04 2.89059e+02
2.11214e+04 2.89134e+02
2.16014e+04 2.89208e+02
2.20815e+04 2.89282e+02
2.25615e+04 2.89355e+02
2.30415e+04 2.89427e+02
2.35216e+04 2.89499e+02
2.40016e+04 2.89570e+02
2.44816e+04 2.89640e+02
2.49617e+04 2.89710e+02
2.54417e+04 2.89780e+02
2.59217e+04 2.89848e+02
2.64018e+04 2.89916e+02
2.68818e+04 2.89984e+02
2.73618e+04 2.90051e+02
2.78419e+04 2.90117e+02
2.83219e+04 2.90183e+02
2.88019e+04 2.90248e+02
2.92820e+04 2.90312e+02
2.97620e+04 2.90376e+02
3.02420e+04 2.90440e+02
3.07220e+04 2.90503e+02
3.12021e+04 2.90565e+02
3.16821e+04 2.90627e+02
3.21621e+04 2.90688e+02
3.26422e+04 2.90749e+02
3.31222e+04 2.90809e+02
3.36022e+04 2.90869e+02
3.40823e+04 2.90928e+02
3.45623e+04 2.90987e+02
3.50423e+04 2.91045e+02
3.55224e+04 2.91103e+02
3.60024e+04 2.91160e+02
3.64824e+04 2.91217e+02
3.69625e+04 2.91273e+02
3.74425e+04 2.91328e+02
3.79225e+04 2.91384e+02
3.84026e+04 2.91438e+02
3.88826e+04 2.91493e+02
3.93626e+04 2.91546e+02
3.98427e+04 2.91600e+02
4.03227e+04 2.91653e+02
4.08027e+04 2.91705e+02
4.12828e+04 2.91757e+02
4.17628e+04 2.91809e+02
4.22428e+04 2.91860e+02
4.27228e+04 2.91910e+02
4.32029e+04 2.91960e+02
4.36829e+04 2.92010e+02
4.41629e+04 2.92059e+02
4.46430e+04 2.92108e+02
4.51230e+04 2.92157e+02
4.56030e+04 2.92205e+02
4.60831e+04 2.92253e+02
4.65631e+04 2.92300e+02
4.70431e+04 2.92347e+02
4.75232e+04 2.92393e+02
4.80032e+04 2.92439e+02
4.84832e+04 2.92485e+02
4.89633e+04 2.92530e+02
4.94433e+04 2.92575e+02
4.99233e+04 2.92619e+02
5.04034e+04 2.92663e+02
5.08834e+04 2.92707e+02
5.13634e+04 2.92750e+02
5.18435e+04 2.92793e+02
5.23235e+04 2.92836e+02
5.28035e+04 2.92878e+02
5.32836e+04 2.92920e+02
5.37636e+04 2.92961e+02
5.42436e+04 2.93002e+02
5.47236e+04 2.93043e+02
5.52037e+04 2.93083e+02
5.56837e+04 2.93123e+02
5.61637e+04 2.93163e+02
5.66438e+04 2.93202e+02
5.71238e+04 2.93241e+02
5.76038e+04 2.93280e+02
5.80839e+04 2.93318e+02
5.85639e+04 2.93356e+02
5.90439e+04 2.93394e+02
5.95240e+04 2.93431e+02
6.00040e+04 2.93468e+02
6.04840e+04 2.93505e+02
6.09641e+04 2.93542e+02
6.14441e+04 2.93578e+02
6.19241e+04 2.93613e+02
6.24042e+04 2.93649e+02
6.28842e+04 2.93684e+02
6.33642e+04 2.93719e+02
6.38443e+04 2.93753e+02
6.43243e+04 2.93788e+02
6.48043e+04 2.93822e+02
6.52844e+04 2.93855e+02
6.57644e+04 2.93889e+02
6.62444e+04 2.93922e+02
6.67244e+04 2.93954e+02
6.72045e+04 2.93987e+02
6.76845e+04 2.94019e+02
6.81645e+04 2.94051e+02
6.86446e+04 2.94083e+02
6.91246e+04 2.94114e+02
6.96046e+04 2.94145e+02
7.00847e+04 2.94176e+02
7.05647e+04 2.94207e+02
7.10447e+04 2.94237e+02
7.15248e+04 2.94267e+02
7.20048e+04 2.94297e+02
7.24848e+04 2.94326e+02
7.29649e+04 2.94356e+02
7.34449e+04 2.94385e+02
7.39249e+04 2.94413e+02
7.44050e+04 2.94442e+02
7.48850e+04 2.94470e+02
7.53650e+04 2.94498e+02
7.58451e+04 2.94526e+02
7.63251e+04 2.94553e+02
7.68051e+04 2.94581e+02
7.72852e+04 2.94608e+02
7.77652e+04 2.94635e+02
7.82452e+04 2.94661e+02
7.87252e+04 2.94688e+02
7.92053e+04 2.94714e+02
7.96853e+04 2.94740e+02
8.01653e+04 2.94765e+02
8.06454e+04 2.94791e+02
8.11254e+04 2.94816e+02
8.16054e+04 2.94841e+02
8.20855e+04 2.94866e+02
8.25655e+04 2.94890e+02
8.30455e+04 2.94915e+02
8.35256e+04 2.94939e+02
8.40056e+04 2.94963e+02
8.44856e+04 2.94987e+02
8.49657e+04 2.95010e+02
8.54457e+04 2.95034e+02
8.59257e+04 2.95057e+02
8.64058e+04 2.95080e+02
8.68858e+04 2.95102e+02
8.73658e+04 2.95125e+02
8.78459e+04 2.95147e+02
8.83259e+04 2.95169e+02
8.88059e+04 2.95191e+02
8.92860e+04 2.95213e+02
8.97660e+04 2.95235e+02
9.02460e+04 2.95256e+02
9.07260e+04 2.95277e+02
9.12061e+04 2.95298e+02
9.16861e+04 2.95319e+02
9.21661e+04 2.95340e+02
9.26462e+04 2.95360e+02
9.31262e+04 2.95381e+02
9.36062e+04 2.95401e+02
9.40863e+04 2.95421e+02
9.45663e+04 2.95441e+02
9.50463e+04 2.95460e+02
9.55264e+04 2.95480e+02
9.60064e+04 2.95499e+02
9.64864e+04 2.95518e+02
9.69665e+04 2.95537e+02
9.74465e+04 2.95556e+02
9.79265e+04 2.95574e+02
9.84066e+04 2.95593e+02
9.88866e+04 2.95611e+02
9.93666e+04 2.95629e+02
9.98467e+04 2.95647e+02
1.00327e+05 2.95665e+02
1.00807e+05 2.95683e+02
1.01287e+05 2.95700e+02
1.01767e+05 2.95718e+02
1.02247e+05 2.95735e+02
1.02727e+05 2.95752e+02
1.03207e+05 2.95769e+02
1.03687e+05 2.95786e+02
1.04167e+05 2.95802e+02
1.04647e+05 2.95819e+02
1.05127e+05 2.95835e+02
1.05607e+05 2.95851e+02
1.06087e+05 2.95867e+02
1.06567e+05 2.95883e+02
1.07047e+05 2.95899e+02
1.07527e+05 2.95915e+02
1.08007e+05 2.95930e+02
1.08487e+05 2.95946e+02
1.08967e+05 2.95961e+02
1.09447e+05 2.95976e+02
1.09927e+05 2.95991e+02
1.10407e+05 2.96006e+02
1.10887e+05 2.96021e+02
1.11367e+05 2.96035e+02
1.11847e+05 2.96050e+02
1.12327e+05 2.96064e+02
1.12808e+05 2.96078e+02
1.13288e+05 2.96092e+02
1.13768e+05 2.96106e+02
1.14248e+05 2.96120e+02
1.14728e+05 2.96134e+02
1.15208e+05 2.96147e+02
1.15688e+05 2.96161e+02
1.16168e+05 2.96174e+02
1.16648e+05 2.96188e+02
1.17128e+05 2.96201e+02
1.17608e+05 2.96214e+02
1.18088e+05 2.96227e+02
1.18568e+05 2.96240e+02
1.19048e+05 2.96252e+02
1.19528e+05 2.96265e+02
1.20008e+05 2.96277e+02
1.20488e+05 2.96290e+02
1.20968e+05 2.96302e+02
1.21448e+05 2.96314e+02
1.21928e+05 2.96326e+02
1.22408e+05 2.96338e+02
1.22888e+05 2.96350e+02
1.23368e+05 2.96362e+02
1.23848e+05 2.96373e+02
1.24328e+05 2.96385e+02
1.24808e+05 2.96396e+02
1.25288e+05 2.96408e+02
1.25768e+05 2.96419e+02
1.26248e+05 2.96430e+02
1.26728e+05 2.96441e+02
1.27208e+05 2.96452e+02
1.27689e+05 2.96463e+02
1.28169e+05 2.96474e+02
1.28649e+05 2.96484e+02
1.29129e+05 2.96495e+02
1.29609e+05 2.96505e+02
1.30089e+05 2.96516e+02
1.30569e+05 2.96526e+02
1.31049e+05 2.96536e+02
1.31529e+05 2.96546e+02
1.32009e+05 2.96556e+02
1.32489e+05 2.96566e+02
1.32969e+05 2.96576e+02
1.33449e+05 2.96586e+02
1.33929e+05 2.96596e+02
1.34409e+05 2.96605e+02
1.34889e+05 2.96615e+02
1.35369e+05 2.96624e+02
1.35849e+05 2.96634e+02
1.36329e+05 2.96643e+02
1.36809e+05 2.96652e+02
1.37289e+05 2.96661e+02
1.37769e+05 2.96670e+02
1.38249e+05 2.96679e+02
1.38729e+05 2.96688e+02
1.39209e+05 2.96697e+02
1.39689e+05 2.96706e+02
1.40169e+05 2.96714e+02
1.40649e+05 2.96723e+02
1.41129e+05 2.96731e+02
1.41609e+05 2.96740e+02
1.42089e+05 2.96748e+02
1.42570e+05 2.96756e+02
1.43050e+05 2.96765e+02
1.43530e+05 2.96773e+02
1.44010e+05 2.96781e+02
1.44490e+05 2.96789e+02
1.44970e+05 2.96797e+02
1.45450e+05 2.96805e+02
1.45930e+05 2.96812e+02
1.46410e+05 2.96820e+02
1.46890e+05 2.96828e+02
1.47370e+05 2.96835e+02
1.47850e+05 2.96843e+02
1.48330e+05 2.96850e+02
1.48810e+05 2.96858e+02
1.49290e+05 2.96865e+02
1.49770e+05 2.96873e+02
1.50250e+05 2.96880e+02
1.50730e+05 2.96887e+02
1.51210e+05 2.96894e+02
1.51690e+05 2.96901e+02
1.52170e+05 2.96908e+02
1.52650e+05 2.96915e+02
1.53130e+05 2.96922e+02
1.53610e+05 2.96928e+02
1.54090e+05 2.96935e+02
1.54570e+05 2.96942e+02
1.55050e+05 2.96949e+02
1.55530e+05 2.96955e+02
1.56010e+05 2.96962e+02
1.56490e+05 2.96968e+02
1.56970e+05 2.96974e+02
1.57450e+05 2.96981e+02
1.57931e+05 2.96987e+02
1.58411e+05 2.96993e+02
1.58891e+05 2.96999e+02
1.59371e+05 2.97006e+02
1.59851e+05 2.97012e+02
1.60331e+05 2.97018e+02
1.60811e+05 2.97024e+02
1.61291e+05 2.97029e+02
1.61771e+05 2.97035e+02
1.62251e+05 2.97041e+02
1.62731e+05 2.97047e+02
1.63211e+05 2.97053e+02
1.63691e+05 2.97058e+02
1.64171e+05 2.97064e+02
1.64651e+05 2.97069e+02
1.65131e+05 2.97075e+02
1.65611e+05 2.97080e+02
1.66091e+05 2.97086e+02
1.66571e+05 2.97091e+02
1.67051e+05 2.97096e+02
1.67531e+05 2.97102e+02
1.68011e+05 2.97107e+02
1.68491e+05 2.97112e+02
1.68971e+05 2.97117e+02
1.69451e+05 2.97122e+02
1.69931e+05 2.97127e+02
1.70411e+05 2.97132e+02
1.70891e+05 2.97137e+02
1.71371e+05 2.97142e+02
1.71851e+05 2.97147e+02
1.72331e+05 2.97152e+02
1.72812e+05 2.97157e+02
1.73292e+05 2.97162e+02
1.73772e+05 2.97166e+02
1.74252e+05 2.97171e+02
1.74732e+05 2.97176e+02
1.75212e+05 2.97180e+02
1.75692e+05 2.97185e+02
1.76172e+05 2.97189e+02
1.76652e+05 2.97194e+02
1.77132e+05 2.97198e+02
1.77612e+05 2.97203e+02
1.78092e+05 2.97207e+02
1.78572e+05 2.97211e+02
1.79052e+05 2.97216e+02
1.79532e+05 2.97220e+02
1.80012e+05 2.97224e+02
1.80492e+05 2.97228e+02
1.80972e+05 2.97232e+02
1.81452e+05 2.97236e+02
1.81932e+05 2.97240e+02
1.82412e+05 2.97244e+02
1.82892e+05 2.97248e+02
1.83372e+05 2.97252e+02
1.83852e+05 2.97256e+02
1.84332e+05 2.97260e+02
1.84812e+05 2.97264e+02
1.85292e+05 2.97268e+02
1.85772e+05 2.97272e+02
1.86252e+05 2.97275e+02
1.86732e+05 2.97279e+02
1.87212e+05 2.97283e+02
1.87693e+05 2.97287e+02
1.88173e+05 2.97290e+02
1.88653e+05 2.97294e+02
1.89133e+05 2.97297e+02
1.89613e+05 2.97301e+02
1.90093e+05 2.97304e+02
1.90573e+05 2.97308e+02
1.91053e+05 2.97311e+02
1.91533e+05 2.97315e+02
1.92013e+05 2.97318e+02
1.92493e+05 2.97321e+02
1.92973e+05 2.97325e+02
1.93453e+05 2.97328e+02
1.93933e+05 2.97331e+02
1.94413e+05 2.97334e+02
1.94893e+05 2.97338e+02
1.95373e+05 2.97341e+02
1.95853e+05 2.97344e+02
1.96333e+05 2.97347e+02
1.96813e+05 2.97350e+02
1.97293e+05 2.97353e+02
1.97773e+05 2.97356e+02
1.98253e+05 2.97359e+02
1.98733e+05 2.97362e+02
1.99213e+05 2.97365e+02
1.99693e+05 2.97368e+02
2.00173e+05 2.97371e+02
2.00653e+05 2.97374e+02
2.01133e+05 2.97377e+02
2.01613e+05 2.97380e+02
2.02093e+05 2.97383e+02
2.02574e+05 2.97385e+02
2.03054e+05 2.97388e+02
2.03534e+05 2.97391e+02
2.04014e+05 2.97394e+02
2.04494e+05 2.97396e+02
2.04974e+05 2.97399e+02
2.05454e+05 2.97402e+02
2.05934e+05 2.97404e+02
2.06414e+05 2.97407e+02
2.06894e+05 2.97410e+02
2.07374e+05 2.97412e+02
2.07854e+05 2.97415e+02
2.08334e+05 2.97417e+02
2.08814e+05 2.97420e+02
2.09294e+05 2.97422e+02
2.09774e+05 2.97425e+02
2.10254e+05 2.97427e+02
2.10734e+05 2.97429e+02
2.11214e+05 2.97432e+02
2.11694e+05 2.97434e+02
2.12174e+05 2.97436e+02
2.12654e+05 2.97439e+02
2.13134e+05 2.97441e+02
2.13614e+05 2.97443e+02
2.14094e+05 2.97446e+02
2.14574e+05 2.97448e+02
2.15054e+05 2.97450e+02
2.15534e+05 2.97452e+02
2.16014e+05 2.97455e+02
2.16494e+05 2.97457e+02
2.16974e+05 2.97459e+02
2.17454e+05 2.97461e+02
2.17935e+05 2.97463e+02
2.18415e+05 2.97465e+02
2.18895e+05 2.97467e+02
2.19375e+05 2.97469e+02
2.19855e+05 2.97471e+02
2.20335e+05 2.97473e+02
2.20815e+05 2.97475e+02
2.21295e+05 2.97477e+02
2.21775e+05 2.97479e+02
2.22255e+05 2.97481e+02
2.22735e+05 2.97483e+02
2.23215e+05 2.97485e+02
2.23695e+05 2.97487e+02
2.24175e+05 2.97489e+02
2.24655e+05 2.97491e+02
2.25135e+05 2.97493e+02
2.25615e+05 2.97495e+02
2.26095e+05 2.97496e+02
2.26575e+05 2.97498e+02
2.27055e+05 2.97500e+02
2.27535e+05 2.97502e+02
2.28015e+05 2.97503e+02
2.28495e+05 2.97505e+02
2.28975e+05 2.97507e+02
2.29455e+05 2.97509e+02
2.29935e+05 2.97510e+02
2.30415e+05 2.97512e+02
2.30895e+05 2.97514e+02
2.31375e+05 2.97515e+02
2.31855e+05 2.97517e+02
2.32335e+05 2.97519e+02
2.32816e+05 2.97520e+02
2.33296e+05 2.97522e+02
2.33776e+05 2.97523e+02
2.34256e+05 2.97525e+02
2.34736e+05 2.97527e+02
2.35216e+05 2.97528e+02
2.35696e+05 2.97530e+02
2.36176e+05 2.97531e+02
2.36656e+05 2.97533e+02
2.37136e+05 2.97534e+02
2.37616e+05 2.97536e+02
2.38096e+05 2.97537e+02
2.38576e+05 2.97539e+02
2.39056e+05 2.97540e+02
2.39536e+05 2.97542e+02
2.40016e+05 2.97543e+02
2.40496e+05 2.97544e+02
2.40976e+05 2.97546e+02
2.41456e+05 2.97547e+02
2.41936e+05 2.97548e+02
2.42416e+05 2.97550e+02
2.42896e+05 2.97551e+02
2.43376e+05 2.97553e+02
2.43856e+05 2.97554e+02
2.44336e+05 2.97555e+02
2.44816e+05 2.97556e+02
2.45296e+05 2.97558e+02
2.45776e+05 2.97559e+02
2.46256e+05 2.97560e+02
2.46736e+05 2.97562e+02
2.47216e+05 2.97563e+02
2.47697e+05 2.97564e+02
2.48177e+05 2.97565e+02
2.48657e+05 2.97566e+02
2.49137e+05 2.97568e+02
2.49617e+05 2.97569e+02
2.50097e+05 2.97570e+02
2.50577e+05 2.97571e+02
2.51057e+05 2.97572e+02
2.51537e+05 2.97574e+02
2.52017e+05 2.97575e+02
2.52497e+05 2.97576e+02
2.52977e+05 2.97577e+02
2.53457e+05 2.97578e+02
2.53937e+05 2.97579e+02
2.54417e+05 2.97580e+02
2.54897e+05 2.97581e+02
2.55377e+05 2.97582e+02
2.55857e+05 2.97583e+02
2.56337e+05 2.97585e+02
2.56817e+05 2.97586e+02
2.57297e+05 2.97587e+02
2.57777e+05 2.97588e+02
2.58257e+05 2.97589e+02
2.58737e+05 2.97590e+02
2.59217e+05 2.97591e+02
2.59697e+05 2.97592e+02
2.60177e+05 2.97593e+02
2.60657e+05 2.97594e+02
2.61137e+05 2.97595e+02
2.61617e+05 2.97596e+02
2.62097e+05 2.97597e+02
2.62578e+05 2.97597e+02
2.63058e+05 2.97598e+02
2.63538e+05 2.97599e+02
2.64018e+05 2.97600e+02
2.64498e+05 2.97601e+02
2.64978e+05 2.97602e+02
2.65458e+05 2.97603e+02
2.65938e+05 2.97604e+02
2.66418e+05 2.97605e+02
2.66898e+05 2.97606e+02
2.67378e+05 2.97606e+02
2.67858e+05 2.97607e+02
2.68338e+05 2.97608e+02
2.68818e+05 2.97609e+02
2.69298e+05 2.97610e+02
2.69778e+05 2.97611e+02
2.70258e+05 2.97612e+02
2.70738e+05 2.97612e+02
2.71218e+05 2.97613e+02
2.71698e+05 2.97614e+02
2.72178e+05 2.97615e+02
2.72658e+05 2.97616e+02
2.73138e+05 2.97616e+02
2.73618e+05 2.97617e+02
2.74098e+05 2.97618e+02
2.74578e+05 2.97619e+02
2.75058e+05 2.97619e+02
2.75538e+05 2.97620e+02
2.76018e+05 2.97621e+02
2.76498e+05 2.97622e+02
2.76978e+05 2.97622e+02
2.77458e+05 2.97623e+02
2.77939e+05 2.97624e+02
2.78419e+05 2.97624e+02
2.78899e+05 2.97625e+02
2.79379e+05 2.97626e+02
2.79859e+05 2.97627e+02
2.80339e+05 2.97627e+02
2.80819e+05 2.97628e+02
2.81299e+05 2.97629e+02
2.81779e+05 2.97629e+02
2.82259e+05 2.97630e+02
2.82739e+05 2.97631e+02
2.83219e+05 2.97631e+02
2.83699e+05 2.97632e+02
2.84179e+05 2.97632e+02
2.84659e+05 2.97633e+02
2.85139e+05 2.97634e+02
2.85619e+05 2.97634e+02
2.86099e+05 2.97635e+02
2.86579e+05 2.97636e+02
2.87059e+05 2.97636e+02
2.87539e+05 2.97637e+02
