# --------------------------------------------------
#      SOLUTION
# 
# --------------------------------------------------
# 
# |time|node 0|...|node n|
# 
0.00000e+00 2.85150e+02
4.80032e+02 2.87777e+02
9.60064e+02 2.87886e+02
1.44010e+03 2.87993e+02
1.92013e+03 2.88099e+02
2.40016e+03 2.88205e+02
2.88019e+03 2.88309e+02
3.36022e+03 2.88412e+02
3.84026e+03 2.88515e+02
4.32029e+03 2.88616e+02
4.80032e+03 2.88717e+02
5.28035e+03 2.88817e+02
5.76038e+03 2.88916e+02
6.24042e+03 2.89014e+02
6.72045e+03 2.89112e+02
7.20048e+03 2.89208e+02
7.68051e+03 2.89304e+02
8.16054e+03 2.89399e+02
8.64058e+03 2.89493e+02
9.12061e+03 2.89586e+02
9.60064e+03 2.89678e+02
1.00807e+04 2.89770e+02
1.05607e+04 2.89861e+02
1.10407e+04 2.89951e+02
1.15208e+04 2.90040e+02
1.20008e+04 2.90128e+02
1.24808e+04 2.90216e+02
1.29609e+04 2.90303e+02
1.34409e+04 2.90389e+02
1.39209e+04 2.90475e+02
1.44010e+04 2.90559e+02
1.48810e+04 2.90643e+02
1.53610e+04 2.90726e+02
1.58411e+04 2.90809e+02
1.63211e+04 2.90891e+02
1.68011e+04 2.90972e+02
1.72812e+04 2.91052e+02
1.77612e+04 2.91132e+02
1.82412e+04 2.91211e+02
1.87212e+04 2.91289e+02
1.92013e+04 2.91366e+02
1.96813e+04 2.91443e+02
2.01613e+04 2.91520e+02
2.06414e+04 2.91595e+02
2.11214e+04 2.91670e+02
2.16014e+04 2.91745e+02
2.20815e+04 2.91818e+02
2.25615e+04 2.91891e+02
2.30415e+04 2.91964e+02
2.35216e+04 2.92035e+02
2.40016e+04 2.92107e+02
2.44816e+04 2.92177e+02
2.49617e+04 2.92247e+02
2.54417e+04 2.92316e+02
2.59217e+04 2.92385e+02
2.64018e+04 2.92453e+02
2.68818e+04 2.92521e+02
2.73618e+04 2.92588e+02
2.78419e+04 2.92654e+02
2.83219e+04 2.92720e+02
2.88019e+04 2.92785e+02
2.92820e+04 2.92850e+02
2.97620e+04 2.92914e+02
3.02420e+04 2.92977e+02
3.07220e+04 2.93040e+02
3.12021e+04 2.93103e+02
3.16821e+04 2.93165e+02
3.21621e+04 2.93226e+02
3.26422e+04 2.93287e+02
3.31222e+04 2.93347e+02
3.36022e+04 2.93407e+02
3.40823e+04 2.93466e+02
3.45623e+04 2.93525e+02
3.50423e+04 2.93583e+02
3.55224e+04 2.93641e+02
3.60024e+04 2.93698e+02
3.64824e+04 2.93755e+02
3.69625e+04 2.93811e+02
3.74425e+04 2.93867e+02
3.79225e+04 2.93922e+02
3.84026e+04 2.93977e+02
3.88826e+04 2.94031e+02
3.93626e+04 2.94085e+02
3.98427e+04 2.94139e+02
4.03227e+04 2.94191e+02
4.08027e+04 2.94244e+02
4.12828e+04 2.94296e+02
4.17628e+04 2.94348e+02
4.22428e+04 2.94399e+02
4.27228e+04 2.94449e+02
4.32029e+04 2.94500e+02
4.36829e+04 2.94549e+02
4.41629e+04 2.94599e+02
4.46430e+04 2.94648e+02
4.51230e+04 2.94696e+02
4.56030e+04 2.94744e+02
4.60831e+04 2.94792e+02
4.65631e+04 2.94839e+02
4.70431e+04 2.94886e+02
4.75232e+04 2.94933e+02
4.80032e+04 2.94979e+02
4.84832e+04 2.95024e+02
4.89633e+04 2.95070e+02
4.94433e+04 2.95114e+02
4.99233e+04 2.95159e+02
5.04034e+04 2.95203e+02
5.08834e+04 2.95247e+02
5.13634e+04 2.95290e+02
5.18435e+04 2.95333e+02
5.23235e+04 2.95376e+02
5.28035e+04 2.95418e+02
5.32836e+04 2.95460e+02
5.37636e+04 2.95501e+02
5.42436e+04 2.95542e+02
5.47236e+04 2.95583e+02
5.52037e+04 2.95624e+02
5.56837e+04 2.95664e+02
5.61637e+04 2.95703e+02
5.66438e+04 2.95743e+02
5.71238e+04 2.95782e+02
5.76038e+04 2.95821e+02
5.80839e+04 2.95859e+02
5.85639e+04 2.95897e+02
5.90439e+04 2.95935e+02
5.95240e+04 2.95972e+02
6.00040e+04 2.96009e+02
6.04840e+04 2.96046e+02
6.09641e+04 2.96082e+02
6.14441e+04 2.96119e+02
6.19241e+04 2.96154e+02
6.24042e+04 2.96190e+02
6.28842e+04 2.96225e+02
6.33642e+04 2.96260e+02
6.38443e+04 2.96294e+02
6.43243e+04 2.96329e+02
6.48043e+04 2.96363e+02
6.52844e+04 2.96396e+02
6.57644e+04 2.96430e+02
6.62444e+04 2.96463e+02
6.67244e+04 2.96496e+02
6.72045e+04 2.96528e+02
6.76845e+04 2.96560e+02
6.81645e+04 2.96592e+02
6.86446e+04 2.96624e+02
6.91246e+04 2.96656e+02
6.96046e+04 2.96687e+02
7.00847e+04 2.96718e+02
7.05647e+04 2.96748e+02
7.10447e+04 2.96779e+02
7.15248e+04 2.96809e+02
7.20048e+04 2.96838e+02
7.24848e+04 2.96868e+02
7.29649e+04 2.96897e+02
7.34449e+04 2.96926e+02
7.39249e+04 2.96955e+02
7.44050e+04 2.96984e+02
7.48850e+04 2.97012e+02
7.53650e+04 2.97040e+02
7.58451e+04 2.97068e+02
7.63251e+04 2.97095e+02
7.68051e+04 2.97123e+02
7.72852e+04 2.97150e+02
7.77652e+04 2.97177e+02
7.82452e+04 2.97203e+02
7.87252e+04 2.97230e+02
7.92053e+04 2.97256e+02
7.96853e+04 2.97282e+02
8.01653e+04 2.97308e+02
8.06454e+04 2.97333e+02
8.11254e+04 2.97358e+02
8.16054e+04 2.97383e+02
8.20855e+04 2.97408e+02
8.25655e+04 2.97433e+02
8.30455e+04 2.97457e+02
8.35256e+04 2.97481e+02
8.40056e+04 2.97505e+02
8.44856e+04 2.97529e+02
8.49657e+04 2.97553e+02
8.54457e+04 2.97576e+02
8.59257e+04 2.97599e+02
8.64058e+04 2.97622e+02
8.68858e+04 2.97645e+02
8.73658e+04 2.97668e+02
8.78459e+04 2.97690e+02
8.83259e+04 2.97712e+02
8.88059e+04 2.97734e+02
8.92860e+04 2.97756e+02
8.97660e+04 2.97778e+02
9.02460e+04 2.97799e+02
9.07260e+04 2.97820e+02
9.12061e+04 2.97841e+02
9.16861e+04 2.97862e+02
9.21661e+04 2.97883e+02
9.26462e+04 2.97903e+02
9.31262e+04 2.97924e+02
9.36062e+04 2.97944e+02
9.40863e+04 2.97964e+02
9.45663e+04 2.97984e+02
9.50463e+04 2.98003e+02
9.55264e+04 2.98023e+02
9.60064e+04 2.98042e+02
9.64864e+04 2.98061e+02
9.69665e+04 2.98080e+02
9.74465e+04 2.98099e+02
9.79265e+04 2.98118e+02
9.84066e+04 2.98136e+02
9.88866e+04 2.98154e+02
9.93666e+04 2.98173e+02
9.98467e+04 2.98191e+02
1.00327e+05 2.98208e+02
1.00807e+05 2.98226e+02
1.01287e+05 2.98244e+02
1.01767e+05 2.98261e+02
1.02247e+05 2.98278e+02
1.02727e+05 2.98295e+02
1.03207e+05 2.98312e+02
1.03687e+05 2.98329e+02
1.04167e+05 2.98346e+02
1.04647e+05 2.98362e+02
1.05127e+05 2.98379e+02
1.05607e+05 2.98395e+02
1.06087e+05 2.98411e+02
1.06567e+05 2.98427e+02
1.07047e+05 2.98443e+02
1.07527e+05 2.98458e+02
1.08007e+05 2.98474e+02
1.08487e+05 2.98489e+02
1.08967e+05 2.98504e+02
1.09447e+05 2.98520e+02
1.09927e+05 2.98535e+02
1.10407e+05 2.98549e+02
1.10887e+05 2.98564e+02
1.11367e+05 2.98579e+02
1.11847e+05 2.98593e+02
1.12327e+05 2.98608e+02
1.12808e+05 2.98622e+02
1.13288e+05 2.98636e+02
1.13768e+05 2.98650e+02
1.14248e+05 2.98664e+02
1.14728e+05 2.98678e+02
1.15208e+05 2.98691e+02
1.15688e+05 2.98705e+02
1.16168e+05 2.98718e+02
1.16648e+05 2.98731e+02
1.17128e+05 2.98745e+02
1.17608e+05 2.98758e+02
1.18088e+05 2.98771e+02
1.18568e+05 2.98783e+02
1.19048e+05 2.98796e+02
1.19528e+05 2.98809e+02
1.20008e+05 2.98821e+02
1.20488e+05 2.98834e+02
1.20968e+05 2.98846e+02
1.21448e+05 2.98858e+02
1.21928e+05 2.98870e+02
1.22408e+05 2.98882e+02
1.22888e+05 2.98894e+02
1.23368e+05 2.98906e+02
1.23848e+05 2.98917e+02
1.24328e+05 2.98929e+02
1.24808e+05 2.98940e+02
1.25288e+05 2.98952e+02
1.25768e+05 2.98963e+02
1.26248e+05 2.98974e+02
1.26728e+05 2.98985e+02
1.27208e+05 2.98996e+02
1.27689e+05 2.99007e+02
1.28169e+05 2.99018e+02
1.28649e+05 2.99028e+02
1.29129e+05 2.99039e+02
1.29609e+05 2.99049e+02
1.30089e+05 2.99060e+02
1.30569e+05 2.99070e+02
1.31049e+05 2.99080e+02
1.31529e+05 2.99090e+02
1.32009e+05 2.99101e+02
1.32489e+05 2.99110e+02
1.32969e+05 2.99120e+02
1.33449e+05 2.99130e+02
1.33929e+05 2.99140e+02
1.34409e+05 2.99149e+02
1.34889e+05 2.99159e+02
1.35369e+05 2.99168e+02
1.35849e+05 2.99178e+02
1.36329e+05 2.99187e+02
1.36809e+05 2.99196e+02
1.37289e+05 2.99205e+02
1.37769e+05 2.99215e+02
1.38249e+05 2.99224e+02
1.38729e+05 2.99232e+02
1.39209e+05 2.99241e+02
1.39689e+05 2.99250e+02
1.40169e+05 2.99259e+02
1.40649e+05 2.99267e+02
1.41129e+05 2.99276e+02
1.41609e+05 2.99284e+02
1.42089e+05 2.99293e+02
1.42570e+05 2.99301e+02
1.43050e+05 2.99309e+02
1.43530e+05 2.99317e+02
1.44010e+05 2.99325e+02
1.44490e+05 2.99333e+02
1.44970e+05 2.99341e+02
1.45450e+05 2.99349e+02
1.45930e+05 2.99357e+02
1.46410e+05 2.99365e+02
1.46890e+05 2.99372e+02
1.47370e+05 2.99380e+02
1.47850e+05 2.99388e+02
1.48330e+05 2.99395e+02
1.48810e+05 2.99402e+02
1.49290e+05 2.99410e+02
1.49770e+05 2.99417e+02
1.50250e+05 2.99424e+02
1.50730e+05 2.99431e+02
1.51210e+05 2.99439e+02
1.51690e+05 2.99446e+02
1.52170e+05 2.99453e+02
1.52650e+05 2.99459e+02
1.53130e+05 2.99466e+02
1.53610e+05 2.99473e+02
1.54090e+05 2.99480e+02
1.54570e+05 2.99487e+02
1.55050e+05 2.99493e+02
1.55530e+05 2.99500e+02
1.56010e+05 2.99506e+02
1.56490e+05 2.99513e+02
1.56970e+05 2.99519e+02
1.57450e+05 2.99525e+02
1.57931e+05 2.99532e+02
1.58411e+05 2.99538e+02
1.58891e+05 2.99544e+02
1.59371e+05 2.99550e+02
1.59851e+05 2.99556e+02
1.60331e+05 2.99562e+02
1.60811e+05 2.99568e+02
1.61291e+05 2.99574e+02
1.61771e+05 2.99580e+02
1.62251e+05 2.99586e+02
1.62731e+05 2.99592e+02
1.63211e+05 2.99597e+02
1.63691e+05 2.99603e+02
1.64171e+05 2.99609e+02
1.64651e+05 2.99614e+02
1.65131e+05 2.99620e+02
1.65611e+05 2.99625e+02
1.66091e+05 2.99631e+02
1.66571e+05 2.99636e+02
1.67051e+05 2.99641e+02
1.67531e+05 2.99647e+02
1.68011e+05 2.99652e+02
1.68491e+05 2.99657e+02
1.68971e+05 2.99662e+02
1.69451e+05 2.99667e+02
1.69931e+05 2.99672e+02
1.70411e+05 2.99677e+02
1.70891e+05 2.99682e+02
1.71371e+05 2.99687e+02
1.71851e+05 2.99692e+02
1.72331e+05 2.99697e+02
1.72812e+05 2.99702e+02
1.73292e+05 2.99706e+02
1.73772e+05 2.99711e+02
1.74252e+05 2.99716e+02
1.74732e+05 2.99720e+02
1.75212e+05 2.99725e+02
1.75692e+05 2.99730e+02
1.76172e+05 2.99734e+02
1.76652e+05 2.99739e+02
1.77132e+05 2.99743e+02
1.77612e+05 2.99747e+02
1.78092e+05 2.99752e+02
1.78572e+05 2.99756e+02
1.79052e+05 2.99760e+02
1.79532e+05 2.99765e+02
1.80012e+05 2.99769e+02
1.80492e+05 2.99773e+02
1.80972e+05 2.99777e+02
1.81452e+05 2.99781e+02
1.81932e+05 2.99785e+02
1.82412e+05 2.99789e+02
1.82892e+05 2.99793e+02
1.83372e+05 2.99797e+02
1.83852e+05 2.99801e+02
1.84332e+05 2.99805e+02
1.84812e+05 2.99809e+02
1.85292e+05 2.99813e+02
1.85772e+05 2.99817e+02
1.86252e+05 2.99820e+02
1.86732e+05 2.99824e+02
1.87212e+05 2.99828e+02
1.87693e+05 2.99831e+02
1.88173e+05 2.99835e+02
1.88653e+05 2.99839e+02
1.89133e+05 2.99842e+02
1.89613e+05 2.99846e+02
1.90093e+05 2.99849e+02
1.90573e+05 2.99853e+02
1.91053e+05 2.99856e+02
1.91533e+05 2.99860e+02
1.92013e+05 2.99863e+02
1.92493e+05 2.99866e+02
1.92973e+05 2.99870e+02
1.93453e+05 2.99873e+02
1.93933e+05 2.99876e+02
1.94413e+05 2.99880e+02
1.94893e+05 2.99883e+02
1.95373e+05 2.99886e+02
1.95853e+05 2.99889e+02
1.96333e+05 2.99892e+02
1.96813e+05 2.99895e+02
1.97293e+05 2.99898e+02
1.97773e+05 2.99901e+02
1.98253e+05 2.99904e+02
1.98733e+05 2.99907e+02
1.99213e+05 2.99910e+02
1.99693e+05 2.99913e+02
2.00173e+05 2.99916e+02
2.00653e+05 2.99919e+02
2.01133e+05 2.99922e+02
2.01613e+05 2.99925e+02
2.02093e+05 2.99928e+02
2.02574e+05 2.99931e+02
2.03054e+05 2.99933e+02
2.03534e+05 2.99936e+02
2.04014e+05 2.99939e+02
2.04494e+05 2.99941e+02
2.04974e+05 2.99944e+02
2.05454e+05 2.99947e+02
2.05934e+05 2.99949e+02
2.06414e+05 2.99952e+02
2.06894e+05 2.99955e+02
2.07374e+05 2.99957e+02
2.07854e+05 2.99960e+02
2.08334e+05 2.99962e+02
2.08814e+05 2.99965e+02
2.09294e+05 2.99967e+02
2.09774e+05 2.99970e+02
2.10254e+05 2.99972e+02
2.10734e+05 2.99975e+02
2.11214e+05 2.99977e+02
2.11694e+05 2.99979e+02
2.12174e+05 2.99982e+02
2.12654e+05 2.99984e+02
2.13134e+05 2.99986e+02
2.13614e+05 2.99989e+02
2.14094e+05 2.99991e+02
2.14574e+05 2.99993e+02
2.15054e+05 2.99995e+02
2.15534e+05 2.99998e+02
2.16014e+05 3.00000e+02
2.16494e+05 3.00002e+02
2.16974e+05 3.00004e+02
2.17454e+05 3.00006e+02
2.17935e+05 3.00008e+02
2.18415e+05 3.00010e+02
2.18895e+05 3.00012e+02
2.19375e+05 3.00015e+02
2.19855e+05 3.00017e+02
2.20335e+05 3.00019e+02
2.20815e+05 3.00021e+02
2.21295e+05 3.00023e+02
2.21775e+05 3.00025e+02
2.22255e+05 3.00027e+02
2.22735e+05 3.00028e+02
2.23215e+05 3.00030e+02
2.23695e+05 3.00032e+02
2.24175e+05 3.00034e+02
2.24655e+05 3.00036e+02
2.25135e+05 3.00038e+02
2.25615e+05 3.00040e+02
2.26095e+05 3.00042e+02
2.26575e+05 3.00043e+02
2.27055e+05 3.00045e+02
2.27535e+05 3.00047e+02
2.28015e+05 3.00049e+02
2.28495e+05 3.00050e+02
2.28975e+05 3.00052e+02
2.29455e+05 3.00054e+02
2.29935e+05 3.00056e+02
2.30415e+05 3.00057e+02
2.30895e+05 3.00059e+02
2.31375e+05 3.00061e+02
2.31855e+05 3.00062e+02
2.32335e+05 3.00064e+02
2.32816e+05 3.00066e+02
2.33296e+05 3.00067e+02
2.33776e+05 3.00069e+02
2.34256e+05 3.00070e+02
2.34736e+05 3.00072e+02
2.35216e+05 3.00073e+02
2.35696e+05 3.00075e+02
2.36176e+05 3.00076e+02
2.36656e+05 3.00078e+02
2.37136e+05 3.00079e+02
2.37616e+05 3.00081e+02
2.38096e+05 3.00082e+02
2.38576e+05 3.00084e+02
2.39056e+05 3.00085e+02
2.39536e+05 3.00087e+02
2.40016e+05 3.00088e+02
2.40496e+05 3.00090e+02
2.40976e+05 3.00091e+02
2.41456e+05 3.00092e+02
2.41936e+05 3.00094e+02
2.42416e+05 3.00095e+02
2.42896e+05 3.00096e+02
2.43376e+05 3.00098e+02
2.43856e+05 3.00099e+02
2.44336e+05 3.00100e+02
2.44816e+05 3.00102e+02
2.45296e+05 3.00103e+02
2.45776e+05 3.00104e+02
2.46256e+05 3.00106e+02
2.46736e+05 3.00107e+02
2.47216e+05 3.00108e+02
2.47697e+05 3.00109e+02
2.48177e+05 3.00111e+02
2.48657e+05 3.00112e+02
2.49137e+05 3.00113e+02
2.49617e+05 3.00114e+02
2.50097e+05 3.00115e+02
2.50577e+05 3.00117e+02
2.51057e+05 3.00118e+02
2.51537e+05 3.00119e+02
2.52017e+05 3.00120e+02
2.52497e+05 3.00121e+02
2.52977e+05 3.00122e+02
2.53457e+05 3.00123e+02
2.53937e+05 3.00124e+02
2.54417e+05 3.00126e+02
2.54897e+05 3.00127e+02
2.55377e+05 3.00128e+02
2.55857e+05 3.00129e+02
2.56337e+05 3.00130e+02
2.56817e+05 3.00131e+02
2.57297e+05 3.00132e+02
2.57777e+05 3.00133e+02
2.58257e+05 3.00134e+02
2.58737e+05 3.00135e+02
2.59217e+05 3.00136e+02
2.59697e+05 3.00137e+02
2.60177e+05 3.00138e+02
2.60657e+05 3.00139e+02
2.61137e+05 3.00140e+02
2.61617e+05 3.00141e+02
2.62097e+05 3.00142e+02
2.62578e+05 3.00143e+02
2.63058e+05 3.00144e+02
2.63538e+05 3.00145e+02
2.64018e+05 3.00146e+02
2.64498e+05 3.00147e+02
2.64978e+05 3.00147e+02
2.65458e+05 3.00148e+02
2.65938e+05 3.00149e+02
2.66418e+05 3.00150e+02
2.66898e+05 3.00151e+02
2.67378e+05 3.00152e+02
2.67858e+05 3.00153e+02
2.68338e+05 3.00154e+02
2.68818e+05 3.00154e+02
2.69298e+05 3.00155e+02
2.69778e+05 3.00156e+02
2.70258e+05 3.00157e+02
2.70738e+05 3.00158e+02
2.71218e+05 3.00158e+02
2.71698e+05 3.00159e+02
2.72178e+05 3.00160e+02
2.72658e+05 3.00161e+02
2.73138e+05 3.00162e+02
2.73618e+05 3.00162e+02
2.74098e+05 3.00163e+02
2.74578e+05 3.00164e+02
2.75058e+05 3.00165e+02
2.75538e+05 3.00165e+02
2.76018e+05 3.00166e+02
2.76498e+05 3.00167e+02
2.76978e+05 3.00168e+02
2.77458e+05 3.00168e+02
2.77939e+05 3.00169e+02
2.78419e+05 3.00170e+02
2.78899e+05 3.00170e+02
2.79379e+05 3.00171e+02
2.79859e+05 3.00172e+02
2.80339e+05 3.00173e+02
2.80819e+05 3.00173e+02
2.81299e+05 3.00174e+02
2.81779e+05 3.00175e+02
2.82259e+05 3.00175e+02
2.82739e+05 3.00176e+02
2.83219e+05 3.00177e+02
2.83699e+05 3.00177e+02
2.84179e+05 3.00178e+02
2.84659e+05 3.00178e+02
2.85139e+05 3.00179e+02
2.85619e+05 3.00180e+02
2.86099e+05 3.00180e+02
2.86579e+05 3.00181e+02
2.87059e+05 3.00182e+02
2.87539e+05 3.00182e+02
