# --------------------------------------------------
#      SOLUTION
# 
# --------------------------------------------------
# 
# |time|node 0|...|node n|
# 
0.00000e+00 2.85150e+02 2.85150e+02 2.85150e+02 2.85150e+02 2.85150e+02
4.80032e+02 2.87822e+02 2.87732e+02 2.85246e+02 2.85222e+02 2.85201e+02
9.60064e+02 2.87931e+02 2.87841e+02 2.85354e+02 2.85324e+02 2.85295e+02
1.44010e+03 2.88038e+02 2.87948e+02 2.85461e+02 2.85426e+02 2.85389e+02
1.92013e+03 2.88145e+02 2.88054e+02 2.85567e+02 2.85528e+02 2.85484e+02
2.40016e+03 2.88250e+02 2.88159e+02 2.85672e+02 2.85628e+02 2.85577e+02
2.88019e+03 2.88354e+02 2.88264e+02 2.85776e+02 2.85728e+02 2.85669e+02
3.36022e+03 2.88458e+02 2.88367e+02 2.85880e+02 2.85827e+02 2.85761e+02
3.84026e+03 2.88560e+02 2.88469e+02 2.85982e+02 2.85925e+02 2.85852e+02
4.32029e+03 2.88662e+02 2.88571e+02 2.86084e+02 2.86022e+02 2.85942e+02
4.80032e+03 2.88763e+02 2.88672e+02 2.86184e+02 2.86119e+02 2.86032e+02
5.28035e+03 2.88862e+02 2.88772e+02 2.86284e+02 2.86214e+02 2.86120e+02
5.76038e+03 2.88962e+02 2.88871e+02 2.86383e+02 2.86309e+02 2.86208e+02
6.24042e+03 2.89060e+02 2.88969e+02 2.86481e+02 2.86403e+02 2.86295e+02
6.72045e+03 2.89157e+02 2.89066e+02 2.86579e+02 2.86496e+02 2.86382e+02
7.20048e+03 2.89254e+02 2.89163e+02 2.86675e+02 2.86588e+02 2.86467e+02
7.68051e+03 2.89349e+02 2.89259e+02 2.86770e+02 2.86680e+02 2.86552e+02
8.16054e+03 2.89444e+02 2.89353e+02 2.86865e+02 2.86771e+02 2.86636e+02
8.64058e+03 2.89538e+02 2.89447e+02 2.86959e+02 2.86860e+02 2.86719e+02
9.12061e+03 2.89631e+02 2.89541e+02 2.87052e+02 2.86950e+02 2.86802e+02
9.60064e+03 2.89724e+02 2.89633e+02 2.87145e+02 2.87038e+02 2.86884e+02
1.00807e+04 2.89815e+02 2.89725e+02 2.87236e+02 2.87126e+02 2.86965e+02
1.05607e+04 2.89906e+02 2.89815e+02 2.87327e+02 2.87213e+02 2.87046e+02
1.10407e+04 2.89996e+02 2.89905e+02 2.87417e+02 2.87299e+02 2.87126e+02
1.15208e+04 2.90085e+02 2.89995e+02 2.87506e+02 2.87384e+02 2.87205e+02
1.20008e+04 2.90174e+02 2.90083e+02 2.87594e+02 2.87469e+02 2.87283e+02
1.24808e+04 2.90261e+02 2.90171e+02 2.87682e+02 2.87552e+02 2.87361e+02
1.29609e+04 2.90348e+02 2.90258e+02 2.87769e+02 2.87635e+02 2.87438e+02
1.34409e+04 2.90435e+02 2.90344e+02 2.87855e+02 2.87718e+02 2.87515e+02
1.39209e+04 2.90520e+02 2.90429e+02 2.87940e+02 2.87800e+02 2.87590e+02
1.44010e+04 2.90605e+02 2.90514e+02 2.88024e+02 2.87881e+02 2.87665e+02
1.48810e+04 2.90689e+02 2.90598e+02 2.88108e+02 2.87961e+02 2.87740e+02
1.53610e+04 2.90772e+02 2.90681e+02 2.88191e+02 2.88040e+02 2.87814e+02
1.58411e+04 2.90854e+02 2.90763e+02 2.88274e+02 2.88119e+02 2.87887e+02
1.63211e+04 2.90936e+02 2.90845e+02 2.88355e+02 2.88197e+02 2.87959e+02
1.68011e+04 2.91017e+02 2.90926e+02 2.88436e+02 2.88275e+02 2.88031e+02
1.72812e+04 2.91097e+02 2.91007e+02 2.88517e+02 2.88352e+02 2.88102e+02
1.77612e+04 2.91177e+02 2.91086e+02 2.88596e+02 2.88428e+02 2.88173e+02
1.82412e+04 2.91256e+02 2.91165e+02 2.88675e+02 2.88504e+02 2.88243e+02
1.87212e+04 2.91334e+02 2.91244e+02 2.88753e+02 2.88578e+02 2.88312e+02
1.92013e+04 2.91412e+02 2.91321e+02 2.88831e+02 2.88653e+02 2.88381e+02
1.96813e+04 2.91489e+02 2.91398e+02 2.88908e+02 2.88726e+02 2.88450e+02
2.01613e+04 2.91565e+02 2.91474e+02 2.88984e+02 2.88799e+02 2.88517e+02
2.06414e+04 2.91641e+02 2.91550e+02 2.89059e+02 2.88871e+02 2.88584e+02
2.11214e+04 2.91716e+02 2.91625e+02 2.89134e+02 2.88943e+02 2.88651e+02
2.16014e+04 2.91790e+02 2.91699e+02 2.89208e+02 2.89014e+02 2.88717e+02
2.20815e+04 2.91864e+02 2.91773e+02 2.89282e+02 2.89085e+02 2.88782e+02
2.25615e+04 2.91937e+02 2.91846e+02 2.89355e+02 2.89154e+02 2.88847e+02
2.30415e+04 2.92009e+02 2.91918e+02 2.89427e+02 2.89224e+02 2.88911e+02
2.35216e+04 2.92081e+02 2.91990e+02 2.89499e+02 2.89292e+02 2.88975e+02
2.40016e+04 2.92152e+02 2.92061e+02 2.89570e+02 2.89360e+02 2.89038e+02
2.44816e+04 2.92222e+02 2.92132e+02 2.89640e+02 2.89428e+02 2.89100e+02
2.49617e+04 2.92292e+02 2.92202e+02 2.89710e+02 2.89495e+02 2.89162e+02
2.54417e+04 2.92362e+02 2.92271e+02 2.89780e+02 2.89561e+02 2.89224e+02
2.59217e+04 2.92430e+02 2.92340e+02 2.89848e+02 2.89627e+02 2.89285e+02
2.64018e+04 2.92498e+02 2.92408e+02 2.89916e+02 2.89692e+02 2.89345e+02
2.68818e+04 2.92566e+02 2.92475e+02 2.89984e+02 2.89756e+02 2.89405e+02
2.73618e+04 2.92633e+02 2.92542e+02 2.90051e+02 2.89820e+02 2.89464e+02
2.78419e+04 2.92699e+02 2.92609e+02 2.90117e+02 2.89884e+02 2.89523e+02
2.83219e+04 2.92765e+02 2.92674e+02 2.90183e+02 2.89947e+02 2.89582e+02
2.88019e+04 2.92830e+02 2.92740e+02 2.90248e+02 2.90009e+02 2.89639e+02
2.92820e+04 2.92895e+02 2.92804e+02 2.90312e+02 2.90071e+02 2.89697e+02
2.97620e+04 2.92959e+02 2.92868e+02 2.90376e+02 2.90132e+02 2.89754e+02
3.02420e+04 2.93023e+02 2.92932e+02 2.90440e+02 2.90193e+02 2.89810e+02
3.07220e+04 2.93086e+02 2.92995e+02 2.90503e+02 2.90253e+02 2.89866e+02
3.12021e+04 2.93148e+02 2.93057e+02 2.90565e+02 2.90313e+02 2.89921e+02
3.16821e+04 2.93210e+02 2.93119e+02 2.90627e+02 2.90372e+02 2.89976e+02
3.21621e+04 2.93271e+02 2.93181e+02 2.90688e+02 2.90431e+02 2.90030e+02
3.26422e+04 2.93332e+02 2.93241e+02 2.90749e+02 2.90489e+02 2.90084e+02
3.31222e+04 2.93392e+02 2.93302e+02 2.90809e+02 2.90547e+02 2.90138e+02
3.36022e+04 2.93452e+02 2.93361e+02 2.90869e+02 2.90604e+02 2.90191e+02
3.40823e+04 2.93512e+02 2.93421e+02 2.90928e+02 2.90661e+02 2.90243e+02
3.45623e+04 2.93570e+02 2.93479e+02 2.90987e+02 2.90717e+02 2.90296e+02
3.50423e+04 2.93629e+02 2.93538e+02 2.91045e+02 2.90773e+02 2.90347e+02
3.55224e+04 2.93686e+02 2.93595e+02 2.91103e+02 2.90828e+02 2.90398e+02
3.60024e+04 2.93743e+02 2.93653e+02 2.91160e+02 2.90883e+02 2.90449e+02
3.64824e+04 2.93800e+02 2.93709e+02 2.91217e+02 2.90937e+02 2.90500e+02
3.69625e+04 2.93856e+02 2.93766e+02 2.91273e+02 2.90991e+02 2.90549e+02
3.74425e+04 2.93912e+02 2.93821e+02 2.91328e+02 2.91044e+02 2.90599e+02
3.79225e+04 2.93968e+02 2.93877e+02 2.91384e+02 2.91097e+02 2.90648e+02
3.84026e+04 2.94022e+02 2.93932e+02 2.91438e+02 2.91149e+02 2.90697e+02
3.88826e+04 2.94077e+02 2.93986e+02 2.91493e+02 2.91201e+02 2.90745e+02
3.93626e+04 2.94131e+02 2.94040e+02 2.91546e+02 2.91253e+02 2.90793e+02
3.98427e+04 2.94184e+02 2.94093e+02 2.91600e+02 2.91304e+02 2.90840e+02
4.03227e+04 2.94237e+02 2.94146e+02 2.91653e+02 2.91354e+02 2.90887e+02
4.08027e+04 2.94289e+02 2.94199e+02 2.91705e+02 2.91405e+02 2.90933e+02
4.12828e+04 2.94341e+02 2.94251e+02 2.91757e+02 2.91454e+02 2.90979e+02
4.17628e+04 2.94393e+02 2.94302e+02 2.91809e+02 2.91504e+02 2.91025e+02
4.22428e+04 2.94444e+02 2.94353e+02 2.91860e+02 2.91553e+02 2.91071e+02
4.27228e+04 2.94495e+02 2.94404e+02 2.91910e+02 2.91601e+02 2.91115e+02
4.32029e+04 2.94545e+02 2.94454e+02 2.91960e+02 2.91649e+02 2.91160e+02
4.36829e+04 2.94595e+02 2.94504e+02 2.92010e+02 2.91697e+02 2.91204e+02
4.41629e+04 2.94644e+02 2.94553e+02 2.92059e+02 2.91744e+02 2.91248e+02
4.46430e+04 2.94693e+02 2.94602e+02 2.92108e+02 2.91791e+02 2.91291e+02
4.51230e+04 2.94742e+02 2.94651e+02 2.92157e+02 2.91837e+02 2.91334e+02
4.56030e+04 2.94790e+02 2.94699e+02 2.92205e+02 2.91883e+02 2.91377e+02
4.60831e+04 2.94837e+02 2.94747e+02 2.92253e+02 2.91929e+02 2.91419e+02
4.65631e+04 2.94885e+02 2.94794e+02 2.92300e+02 2.91974e+02 2.91461e+02
4.70431e+04 2.94932e+02 2.94841e+02 2.92347e+02 2.92019e+02 2.91503e+02
4.75232e+04 2.94978e+02 2.94887e+02 2.92393e+02 2.92063e+02 2.91544e+02
4.80032e+04 2.95024e+02 2.94933e+02 2.92439e+02 2.92107e+02 2.91585e+02
4.84832e+04 2.95070e+02 2.94979e+02 2.92485e+02 2.92151e+02 2.91625e+02
4.89633e+04 2.95115e+02 2.95024e+02 2.92530e+02 2.92194e+02 2.91666e+02
4.94433e+04 2.95160e+02 2.95069e+02 2.92575e+02 2.92237e+02 2.91705e+02
4.99233e+04 2.95204e+02 2.95114e+02 2.92619e+02 2.92280e+02 2.91745e+02
5.04034e+04 2.95248e+02 2.95158e+02 2.92663e+02 2.92322e+02 2.91784e+02
5.08834e+04 2.95292e+02 2.95201e+02 2.92707e+02 2.92364e+02 2.91823e+02
5.13634e+04 2.95336e+02 2.95245e+02 2.92750e+02 2.92405e+02 2.91861e+02
5.18435e+04 2.95378e+02 2.95288e+02 2.92793e+02 2.92446e+02 2.91899e+02
5.23235e+04 2.95421e+02 2.95330e+02 2.92836e+02 2.92487e+02 2.91937e+02
5.28035e+04 2.95463e+02 2.95373e+02 2.92878e+02 2.92527e+02 2.91975e+02
5.32836e+04 2.95505e+02 2.95414e+02 2.92920e+02 2.92568e+02 2.92012e+02
5.37636e+04 2.95547e+02 2.95456e+02 2.92961e+02 2.92607e+02 2.92049e+02
5.42436e+04 2.95588e+02 2.95497e+02 2.93002e+02 2.92647e+02 2.92085e+02
5.47236e+04 2.95629e+02 2.95538e+02 2.93043e+02 2.92686e+02 2.92121e+02
5.52037e+04 2.95669e+02 2.95578e+02 2.93083e+02 2.92724e+02 2.92157e+02
5.56837e+04 2.95709e+02 2.95618e+02 2.93123e+02 2.92763e+02 2.92193e+02
5.61637e+04 2.95749e+02 2.95658e+02 2.93163e+02 2.92801e+02 2.92228e+02
5.66438e+04 2.95788e+02 2.95697e+02 2.93202e+02 2.92838e+02 2.92263e+02
5.71238e+04 2.95827e+02 2.95737e+02 2.93241e+02 2.92876e+02 2.92297e+02
5.76038e+04 2.95866e+02 2.95775e+02 2.93280e+02 2.92913e+02 2.92332e+02
5.80839e+04 2.95904e+02 2.95814e+02 2.93318e+02 2.92949e+02 2.92366e+02
5.85639e+04 2.95942e+02 2.95852e+02 2.93356e+02 2.92986e+02 2.92400e+02
5.90439e+04 2.95980e+02 2.95889e+02 2.93394e+02 2.93022e+02 2.92433e+02
5.95240e+04 2.96018e+02 2.95927e+02 2.93431e+02 2.93058e+02 2.92466e+02
6.00040e+04 2.96055e+02 2.95964e+02 2.93468e+02 2.93093e+02 2.92499e+02
6.04840e+04 2.96091e+02 2.96001e+02 2.93505e+02 2.93128e+02 2.92532e+02
6.09641e+04 2.96128e+02 2.96037e+02 2.93542e+02 2.93163e+02 2.92564e+02
6.14441e+04 2.96164e+02 2.96073e+02 2.93578e+02 2.93198e+02 2.92596e+02
6.19241e+04 2.96200e+02 2.96109e+02 2.93613e+02 2.93232e+02 2.92628e+02
6.24042e+04 2.96235e+02 2.96144e+02 2.93649e+02 2.93266e+02 2.92659e+02
6.28842e+04 2.96270e+02 2.96180e+02 2.93684e+02 2.93299e+02 2.92690e+02
6.33642e+04 2.96305e+02 2.96214e+02 2.93719e+02 2.93333e+02 2.92721e+02
6.38443e+04 2.96340e+02 2.96249e+02 2.93753e+02 2.93366e+02 2.92752e+02
6.43243e+04 2.96374e+02 2.96283e+02 2.93788e+02 2.93399e+02 2.92782e+02
6.48043e+04 2.96408e+02 2.96317e+02 2.93822e+02 2.93431e+02 2.92813e+02
6.52844e+04 2.96442e+02 2.96351e+02 2.93855e+02 2.93463e+02 2.92842e+02
6.57644e+04 2.96475e+02 2.96384e+02 2.93889e+02 2.93495e+02 2.92872e+02
6.62444e+04 2.96508e+02 2.96417e+02 2.93922e+02 2.93527e+02 2.92901e+02
6.67244e+04 2.96541e+02 2.96450e+02 2.93954e+02 2.93558e+02 2.92930e+02
6.72045e+04 2.96574e+02 2.96483e+02 2.93987e+02 2.93589e+02 2.92959e+02
6.76845e+04 2.96606e+02 2.96515e+02 2.94019e+02 2.93620e+02 2.92988e+02
6.81645e+04 2.96638e+02 2.96547e+02 2.94051e+02 2.93651e+02 2.93016e+02
6.86446e+04 2.96670e+02 2.96579e+02 2.94083e+02 2.93681e+02 2.93044e+02
6.91246e+04 2.96701e+02 2.96610e+02 2.94114e+02 2.93711e+02 2.93072e+02
6.96046e+04 2.96732e+02 2.96641e+02 2.94145e+02 2.93741e+02 2.93100e+02
7.00847e+04 2.96763e+02 2.96672e+02 2.94176e+02 2.93771e+02 2.93127e+02
7.05647e+04 2.96794e+02 2.96703e+02 2.94207e+02 2.93800e+02 2.93154e+02
7.10447e+04 2.96824e+02 2.96733e+02 2.94237e+02 2.93829e+02 2.93181e+02
7.15248e+04 2.96854e+02 2.96763e+02 2.94267e+02 2.93858e+02 2.93208e+02
7.20048e+04 2.96884e+02 2.96793e+02 2.94297e+02 2.93886e+02 2.93234e+02
7.24848e+04 2.96913e+02 2.96823e+02 2.94326e+02 2.93914e+02 2.93261e+02
7.29649e+04 2.96943e+02 2.96852e+02 2.94356e+02 2.93942e+02 2.93287e+02
7.34449e+04 2.96972e+02 2.96881e+02 2.94385e+02 2.93970e+02 2.93312e+02
7.39249e+04 2.97001e+02 2.96910e+02 2.94413e+02 2.93998e+02 2.93338e+02
7.44050e+04 2.97029e+02 2.96938e+02 2.94442e+02 2.94025e+02 2.93363e+02
7.48850e+04 2.97057e+02 2.96967e+02 2.94470e+02 2.94052e+02 2.93388e+02
7.53650e+04 2.97085e+02 2.96995e+02 2.94498e+02 2.94079e+02 2.93413e+02
7.58451e+04 2.97113e+02 2.97022e+02 2.94526e+02 2.94106e+02 2.93438e+02
7.63251e+04 2.97141e+02 2.97050e+02 2.94553e+02 2.94132e+02 2.93462e+02
7.68051e+04 2.97168e+02 2.97077e+02 2.94581e+02 2.94158e+02 2.93487e+02
7.72852e+04 2.97195e+02 2.97104e+02 2.94608e+02 2.94184e+02 2.93511e+02
7.77652e+04 2.97222e+02 2.97131e+02 2.94635e+02 2.94210e+02 2.93534e+02
7.82452e+04 2.97249e+02 2.97158e+02 2.94661e+02 2.94235e+02 2.93558e+02
7.87252e+04 2.97275e+02 2.97184e+02 2.94688e+02 2.94260e+02 2.93581e+02
7.92053e+04 2.97301e+02 2.97210e+02 2.94714e+02 2.94285e+02 2.93605e+02
7.96853e+04 2.97327e+02 2.97236e+02 2.94740e+02 2.94310e+02 2.93628e+02
8.01653e+04 2.97353e+02 2.97262e+02 2.94765e+02 2.94335e+02 2.93651e+02
8.06454e+04 2.97378e+02 2.97288e+02 2.94791e+02 2.94359e+02 2.93673e+02
8.11254e+04 2.97404e+02 2.97313e+02 2.94816e+02 2.94383e+02 2.93696e+02
8.16054e+04 2.97429e+02 2.97338e+02 2.94841e+02 2.94407e+02 2.93718e+02
8.20855e+04 2.97454e+02 2.97363e+02 2.94866e+02 2.94431e+02 2.93740e+02
8.25655e+04 2.97478e+02 2.97387e+02 2.94890e+02 2.94455e+02 2.93762e+02
8.30455e+04 2.97503e+02 2.97412e+02 2.94915e+02 2.94478e+02 2.93783e+02
8.35256e+04 2.97527e+02 2.97436e+02 2.94939e+02 2.94501e+02 2.93805e+02
8.40056e+04 2.97551e+02 2.97460e+02 2.94963e+02 2.94524e+02 2.93826e+02
8.44856e+04 2.97575e+02 2.97484e+02 2.94987e+02 2.94547e+02 2.93847e+02
8.49657e+04 2.97598e+02 2.97507e+02 2.95010e+02 2.94569e+02 2.93868e+02
8.54457e+04 2.97622e+02 2.97531e+02 2.95034e+02 2.94592e+02 2.93889e+02
8.59257e+04 2.97645e+02 2.97554e+02 2.95057e+02 2.94614e+02 2.93909e+02
8.64058e+04 2.97668e+02 2.97577e+02 2.95080e+02 2.94636e+02 2.93930e+02
8.68858e+04 2.97690e+02 2.97600e+02 2.95102e+02 2.94658e+02 2.93950e+02
8.73658e+04 2.97713e+02 2.97622e+02 2.95125e+02 2.94679e+02 2.93970e+02
8.78459e+04 2.97735e+02 2.97645e+02 2.95147e+02 2.94701e+02 2.93990e+02
8.83259e+04 2.97758e+02 2.97667e+02 2.95169e+02 2.94722e+02 2.94009e+02
8.88059e+04 2.97780e+02 2.97689e+02 2.95191e+02 2.94743e+02 2.94029e+02
8.92860e+04 2.97801e+02 2.97711e+02 2.95213e+02 2.94764e+02 2.94048e+02
8.97660e+04 2.97823e+02 2.97732e+02 2.95235e+02 2.94784e+02 2.94067e+02
9.02460e+04 2.97844e+02 2.97754e+02 2.95256e+02 2.94805e+02 2.94086e+02
9.07260e+04 2.97866e+02 2.97775e+02 2.95277e+02 2.94825e+02 2.94105e+02
9.12061e+04 2.97887e+02 2.97796e+02 2.95298e+02 2.94845e+02 2.94124e+02
9.16861e+04 2.97908e+02 2.97817e+02 2.95319e+02 2.94865e+02 2.94142e+02
9.21661e+04 2.97928e+02 2.97837e+02 2.95340e+02 2.94885e+02 2.94161e+02
9.26462e+04 2.97949e+02 2.97858e+02 2.95360e+02 2.94905e+02 2.94179e+02
9.31262e+04 2.97969e+02 2.97878e+02 2.95381e+02 2.94924e+02 2.94197e+02
9.36062e+04 2.97989e+02 2.97898e+02 2.95401e+02 2.94943e+02 2.94215e+02
9.40863e+04 2.98009e+02 2.97918e+02 2.95421e+02 2.94962e+02 2.94233e+02
9.45663e+04 2.98029e+02 2.97938e+02 2.95441e+02 2.94981e+02 2.94250e+02
9.50463e+04 2.98049e+02 2.97958e+02 2.95460e+02 2.95000e+02 2.94268e+02
9.55264e+04 2.98068e+02 2.97977e+02 2.95480e+02 2.95019e+02 2.94285e+02
9.60064e+04 2.98087e+02 2.97997e+02 2.95499e+02 2.95037e+02 2.94302e+02
9.64864e+04 2.98107e+02 2.98016e+02 2.95518e+02 2.95056e+02 2.94319e+02
9.69665e+04 2.98126e+02 2.98035e+02 2.95537e+02 2.95074e+02 2.94336e+02
9.74465e+04 2.98144e+02 2.98054e+02 2.95556e+02 2.95092e+02 2.94352e+02
9.79265e+04 2.98163e+02 2.98072e+02 2.95574e+02 2.95110e+02 2.94369e+02
9.84066e+04 2.98181e+02 2.98091e+02 2.95593e+02 2.95127e+02 2.94385e+02
9.88866e+04 2.98200e+02 2.98109e+02 2.95611e+02 2.95145e+02 2.94402e+02
9.93666e+04 2.98218e+02 2.98127e+02 2.95629e+02 2.95162e+02 2.94418e+02
9.98467e+04 2.98236e+02 2.98145e+02 2.95647e+02 2.95179e+02 2.94434e+02
1.00327e+05 2.98254e+02 2.98163e+02 2.95665e+02 2.95196e+02 2.94449e+02
1.00807e+05 2.98272e+02 2.98181e+02 2.95683e+02 2.95213e+02 2.94465e+02
1.01287e+05 2.98289e+02 2.98198e+02 2.95700e+02 2.95230e+02 2.94481e+02
1.01767e+05 2.98306e+02 2.98216e+02 2.95718e+02 2.95247e+02 2.94496e+02
1.02247e+05 2.98324e+02 2.98233e+02 2.95735e+02 2.95263e+02 2.94511e+02
1.02727e+05 2.98341e+02 2.98250e+02 2.95752e+02 2.95280e+02 2.94527e+02
1.03207e+05 2.98358e+02 2.98267e+02 2.95769e+02 2.95296e+02 2.94542e+02
1.03687e+05 2.98374e+02 2.98284e+02 2.95786e+02 2.95312e+02 2.94557e+02
1.04167e+05 2.98391e+02 2.98300e+02 2.95802e+02 2.95328e+02 2.94571e+02
1.04647e+05 2.98408e+02 2.98317e+02 2.95819e+02 2.95343e+02 2.94586e+02
1.05127e+05 2.98424e+02 2.98333e+02 2.95835e+02 2.95359e+02 2.94600e+02
1.05607e+05 2.98440e+02 2.98349e+02 2.95851e+02 2.95375e+02 2.94615e+02
1.06087e+05 2.98456e+02 2.98365e+02 2.95867e+02 2.95390e+02 2.94629e+02
1.06567e+05 2.98472e+02 2.98381e+02 2.95883e+02 2.95405e+02 2.94643e+02
1.07047e+05 2.98488e+02 2.98397e+02 2.95899e+02 2.95420e+02 2.94657e+02
1.07527e+05 2.98504e+02 2.98413e+02 2.95915e+02 2.95435e+02 2.94671e+02
1.08007e+05 2.98519e+02 2.98428e+02 2.95930e+02 2.95450e+02 2.94685e+02
1.08487e+05 2.98535e+02 2.98444e+02 2.95946e+02 2.95465e+02 2.94699e+02
1.08967e+05 2.98550e+02 2.98459e+02 2.95961e+02 2.95480e+02 2.94712e+02
1.09447e+05 2.98565e+02 2.98474e+02 2.95976e+02 2.95494e+02 2.94725e+02
1.09927e+05 2.98580e+02 2.98489e+02 2.95991e+02 2.95508e+02 2.94739e+02
1.10407e+05 2.98595e+02 2.98504e+02 2.96006e+02 2.95523e+02 2.94752e+02
1.10887e+05 2.98610e+02 2.98519e+02 2.96021e+02 2.95537e+02 2.94765e+02
1.11367e+05 2.98624e+02 2.98533e+02 2.96035e+02 2.95551e+02 2.94778e+02
1.11847e+05 2.98639e+02 2.98548e+02 2.96050e+02 2.95565e+02 2.94791e+02
1.12327e+05 2.98653e+02 2.98562e+02 2.96064e+02 2.95578e+02 2.94804e+02
1.12808e+05 2.98667e+02 2.98576e+02 2.96078e+02 2.95592e+02 2.94816e+02
1.13288e+05 2.98681e+02 2.98591e+02 2.96092e+02 2.95605e+02 2.94829e+02
1.13768e+05 2.98695e+02 2.98605e+02 2.96106e+02 2.95619e+02 2.94841e+02
1.14248e+05 2.98709e+02 2.98618e+02 2.96120e+02 2.95632e+02 2.94853e+02
1.14728e+05 2.98723e+02 2.98632e+02 2.96134e+02 2.95645e+02 2.94866e+02
1.15208e+05 2.98737e+02 2.98646e+02 2.96147e+02 2.95658e+02 2.94878e+02
1.15688e+05 2.98750e+02 2.98659e+02 2.96161e+02 2.95671e+02 2.94890e+02
1.16168e+05 2.98764e+02 2.98673e+02 2.96174e+02 2.95684e+02 2.94902e+02
1.16648e+05 2.98777e+02 2.98686e+02 2.96188e+02 2.95697e+02 2.94913e+02
1.17128e+05 2.98790e+02 2.98699e+02 2.96201e+02 2.95709e+02 2.94925e+02
1.17608e+05 2.98803e+02 2.98712e+02 2.96214e+02 2.95722e+02 2.94937e+02
1.18088e+05 2.98816e+02 2.98725e+02 2.96227e+02 2.95734e+02 2.94948e+02
1.18568e+05 2.98829e+02 2.98738e+02 2.96240e+02 2.95746e+02 2.94959e+02
1.19048e+05 2.98842e+02 2.98751e+02 2.96252e+02 2.95758e+02 2.94971e+02
1.19528e+05 2.98854e+02 2.98763e+02 2.96265e+02 2.95770e+02 2.94982e+02
1.20008e+05 2.98867e+02 2.98776e+02 2.96277e+02 2.95782e+02 2.94993e+02
1.20488e+05 2.98879e+02 2.98788e+02 2.96290e+02 2.95794e+02 2.95004e+02
1.20968e+05 2.98891e+02 2.98800e+02 2.96302e+02 2.95806e+02 2.95015e+02
1.21448e+05 2.98903e+02 2.98813e+02 2.96314e+02 2.95818e+02 2.95026e+02
1.21928e+05 2.98915e+02 2.98825e+02 2.96326e+02 2.95829e+02 2.95036e+02
1.22408e+05 2.98927e+02 2.98837e+02 2.96338e+02 2.95841e+02 2.95047e+02
1.22888e+05 2.98939e+02 2.98848e+02 2.96350e+02 2.95852e+02 2.95057e+02
1.23368e+05 2.98951e+02 2.98860e+02 2.96362e+02 2.95863e+02 2.95068e+02
1.23848e+05 2.98963e+02 2.98872e+02 2.96373e+02 2.95874e+02 2.95078e+02
1.24328e+05 2.98974e+02 2.98883e+02 2.96385e+02 2.95885e+02 2.95088e+02
1.24808e+05 2.98986e+02 2.98895e+02 2.96396e+02 2.95896e+02 2.95099e+02
1.25288e+05 2.98997e+02 2.98906e+02 2.96408e+02 2.95907e+02 2.95109e+02
1.25768e+05 2.99008e+02 2.98917e+02 2.96419e+02 2.95918e+02 2.95119e+02
1.26248e+05 2.99019e+02 2.98929e+02 2.96430e+02 2.95929e+02 2.95129e+02
1.26728e+05 2.99031e+02 2.98940e+02 2.96441e+02 2.95939e+02 2.95138e+02
1.27208e+05 2.99041e+02 2.98951e+02 2.96452e+02 2.95950e+02 2.95148e+02
1.27689e+05 2.99052e+02 2.98961e+02 2.96463e+02 2.95960e+02 2.95158e+02
1.28169e+05 2.99063e+02 2.98972e+02 2.96474e+02 2.95970e+02 2.95167e+02
1.28649e+05 2.99074e+02 2.98983e+02 2.96484e+02 2.95981e+02 2.95177e+02
1.29129e+05 2.99084e+02 2.98993e+02 2.96495e+02 2.95991e+02 2.95186e+02
1.29609e+05 2.99095e+02 2.99004e+02 2.96505e+02 2.96001e+02 2.95195e+02
1.30089e+05 2.99105e+02 2.99014e+02 2.96516e+02 2.96011e+02 2.95205e+02
1.30569e+05 2.99116e+02 2.99025e+02 2.96526e+02 2.96021e+02 2.95214e+02
1.31049e+05 2.99126e+02 2.99035e+02 2.96536e+02 2.96030e+02 2.95223e+02
1.31529e+05 2.99136e+02 2.99045e+02 2.96546e+02 2.96040e+02 2.95232e+02
1.32009e+05 2.99146e+02 2.99055e+02 2.96556e+02 2.96050e+02 2.95241e+02
1.32489e+05 2.99156e+02 2.99065e+02 2.96566e+02 2.96059e+02 2.95250e+02
1.32969e+05 2.99166e+02 2.99075e+02 2.96576e+02 2.96069e+02 2.95258e+02
1.33449e+05 2.99176e+02 2.99085e+02 2.96586e+02 2.96078e+02 2.95267e+02
1.33929e+05 2.99185e+02 2.99094e+02 2.96596e+02 2.96087e+02 2.95276e+02
1.34409e+05 2.99195e+02 2.99104e+02 2.96605e+02 2.96096e+02 2.95284e+02
1.34889e+05 2.99204e+02 2.99114e+02 2.96615e+02 2.96106e+02 2.95293e+02
1.35369e+05 2.99214e+02 2.99123e+02 2.96624e+02 2.96115e+02 2.95301e+02
1.35849e+05 2.99223e+02 2.99132e+02 2.96634e+02 2.96124e+02 2.95309e+02
1.36329e+05 2.99233e+02 2.99142e+02 2.96643e+02 2.96132e+02 2.95318e+02
1.36809e+05 2.99242e+02 2.99151e+02 2.96652e+02 2.96141e+02 2.95326e+02
1.37289e+05 2.99251e+02 2.99160e+02 2.96661e+02 2.96150e+02 2.95334e+02
1.37769e+05 2.99260e+02 2.99169e+02 2.96670e+02 2.96159e+02 2.95342e+02
1.38249e+05 2.99269e+02 2.99178e+02 2.96679e+02 2.96167e+02 2.95350e+02
1.38729e+05 2.99278e+02 2.99187e+02 2.96688e+02 2.96176e+02 2.95358e+02
1.39209e+05 2.99287e+02 2.99196e+02 2.96697e+02 2.96184e+02 2.95366e+02
1.39689e+05 2.99295e+02 2.99205e+02 2.96706e+02 2.96193e+02 2.95373e+02
1.40169e+05 2.99304e+02 2.99213e+02 2.96714e+02 2.96201e+02 2.95381e+02
1.40649e+05 2.99313e+02 2.99222e+02 2.96723e+02 2.96209e+02 2.95389e+02
1.41129e+05 2.99321e+02 2.99230e+02 2.96731e+02 2.96217e+02 2.95396e+02
1.41609e+05 2.99330e+02 2.99239e+02 2.96740e+02 2.96225e+02 2.95404e+02
1.42089e+05 2.99338e+02 2.99247e+02 2.96748e+02 2.96233e+02 2.95411e+02
1.42570e+05 2.99346e+02 2.99255e+02 2.96756e+02 2.96241e+02 2.95418e+02
1.43050e+05 2.99355e+02 2.99264e+02 2.96765e+02 2.96249e+02 2.95426e+02
1.43530e+05 2.99363e+02 2.99272e+02 2.96773e+02 2.96257e+02 2.95433e+02
1.44010e+05 2.99371e+02 2.99280e+02 2.96781e+02 2.96265e+02 2.95440e+02
1.44490e+05 2.99379e+02 2.99288e+02 2.96789e+02 2.96272e+02 2.95447e+02
1.44970e+05 2.99387e+02 2.99296e+02 2.96797e+02 2.96280e+02 2.95454e+02
1.45450e+05 2.99395e+02 2.99304e+02 2.96805e+02 2.96287e+02 2.95461e+02
1.45930e+05 2.99402e+02 2.99312e+02 2.96812e+02 2.96295e+02 2.95468e+02
1.46410e+05 2.99410e+02 2.99319e+02 2.96820e+02 2.96302e+02 2.95475e+02
1.46890e+05 2.99418e+02 2.99327e+02 2.96828e+02 2.96310e+02 2.95482e+02
1.47370e+05 2.99425e+02 2.99335e+02 2.96835e+02 2.96317e+02 2.95489e+02
1.47850e+05 2.99433e+02 2.99342e+02 2.96843e+02 2.96324e+02 2.95495e+02
1.48330e+05 2.99440e+02 2.99350e+02 2.96850e+02 2.96331e+02 2.95502e+02
1.48810e+05 2.99448e+02 2.99357e+02 2.96858e+02 2.96338e+02 2.95508e+02
1.49290e+05 2.99455e+02 2.99364e+02 2.96865e+02 2.96345e+02 2.95515e+02
1.49770e+05 2.99462e+02 2.99372e+02 2.96873e+02 2.96352e+02 2.95521e+02
1.50250e+05 2.99470e+02 2.99379e+02 2.96880e+02 2.96359e+02 2.95528e+02
1.50730e+05 2.99477e+02 2.99386e+02 2.96887e+02 2.96366e+02 2.95534e+02
1.51210e+05 2.99484e+02 2.99393e+02 2.96894e+02 2.96373e+02 2.95541e+02
1.51690e+05 2.99491e+02 2.99400e+02 2.96901e+02 2.96380e+02 2.95547e+02
1.52170e+05 2.99498e+02 2.99407e+02 2.96908e+02 2.96386e+02 2.95553e+02
1.52650e+05 2.99505e+02 2.99414e+02 2.96915e+02 2.96393e+02 2.95559e+02
1.53130e+05 2.99512e+02 2.99421e+02 2.96922e+02 2.96399e+02 2.95565e+02
1.53610e+05 2.99519e+02 2.99428e+02 2.96928e+02 2.96406e+02 2.95571e+02
1.54090e+05 2.99525e+02 2.99434e+02 2.96935e+02 2.96412e+02 2.95577e+02
1.54570e+05 2.99532e+02 2.99441e+02 2.96942e+02 2.96419e+02 2.95583e+02
1.55050e+05 2.99539e+02 2.99448e+02 2.96949e+02 2.96425e+02 2.95589e+02
1.55530e+05 2.99545e+02 2.99454e+02 2.96955e+02 2.96431e+02 2.95595e+02
1.56010e+05 2.99552e+02 2.99461e+02 2.96962e+02 2.96438e+02 2.95601e+02
1.56490e+05 2.99558e+02 2.99467e+02 2.96968e+02 2.96444e+02 2.95606e+02
1.56970e+05 2.99564e+02 2.99474e+02 2.96974e+02 2.96450e+02 2.95612e+02
1.57450e+05 2.99571e+02 2.99480e+02 2.96981e+02 2.96456e+02 2.95618e+02
1.57931e+05 2.99577e+02 2.99486e+02 2.96987e+02 2.96462e+02 2.95623e+02
1.58411e+05 2.99583e+02 2.99492e+02 2.96993e+02 2.96468e+02 2.95629e+02
1.58891e+05 2.99590e+02 2.99499e+02 2.96999e+02 2.96474e+02 2.95634e+02
1.59371e+05 2.99596e+02 2.99505e+02 2.97006e+02 2.96480e+02 2.95640e+02
1.59851e+05 2.99602e+02 2.99511e+02 2.97012e+02 2.96486e+02 2.95645e+02
1.60331e+05 2.99608e+02 2.99517e+02 2.97018e+02 2.96491e+02 2.95650e+02
1.60811e+05 2.99614e+02 2.99523e+02 2.97024e+02 2.96497e+02 2.95656e+02
1.61291e+05 2.99620e+02 2.99529e+02 2.97029e+02 2.96503e+02 2.95661e+02
1.61771e+05 2.99625e+02 2.99535e+02 2.97035e+02 2.96508e+02 2.95666e+02
1.62251e+05 2.99631e+02 2.99540e+02 2.97041e+02 2.96514e+02 2.95671e+02
1.62731e+05 2.99637e+02 2.99546e+02 2.97047e+02 2.96519e+02 2.95676e+02
1.63211e+05 2.99643e+02 2.99552e+02 2.97053e+02 2.96525e+02 2.95681e+02
1.63691e+05 2.99648e+02 2.99558e+02 2.97058e+02 2.96530e+02 2.95686e+02
1.64171e+05 2.99654e+02 2.99563e+02 2.97064e+02 2.96536e+02 2.95691e+02
1.64651e+05 2.99660e+02 2.99569e+02 2.97069e+02 2.96541e+02 2.95696e+02
1.65131e+05 2.99665e+02 2.99574e+02 2.97075e+02 2.96546e+02 2.95701e+02
1.65611e+05 2.99671e+02 2.99580e+02 2.97080e+02 2.96551e+02 2.95706e+02
1.66091e+05 2.99676e+02 2.99585e+02 2.97086e+02 2.96557e+02 2.95711e+02
1.66571e+05 2.99681e+02 2.99590e+02 2.97091e+02 2.96562e+02 2.95716e+02
1.67051e+05 2.99687e+02 2.99596e+02 2.97096e+02 2.96567e+02 2.95720e+02
1.67531e+05 2.99692e+02 2.99601e+02 2.97102e+02 2.96572e+02 2.95725e+02
1.68011e+05 2.99697e+02 2.99606e+02 2.97107e+02 2.96577e+02 2.95730e+02
1.68491e+05 2.99702e+02 2.99612e+02 2.97112e+02 2.96582e+02 2.95734e+02
1.68971e+05 2.99708e+02 2.99617e+02 2.97117e+02 2.96587e+02 2.95739e+02
1.69451e+05 2.99713e+02 2.99622e+02 2.97122e+02 2.96592e+02 2.95743e+02
1.69931e+05 2.99718e+02 2.99627e+02 2.97127e+02 2.96596e+02 2.95748e+02
1.70411e+05 2.99723e+02 2.99632e+02 2.97132e+02 2.96601e+02 2.95752e+02
1.70891e+05 2.99728e+02 2.99637e+02 2.97137e+02 2.96606e+02 2.95757e+02
1.71371e+05 2.99733e+02 2.99642e+02 2.97142e+02 2.96611e+02 2.95761e+02
1.71851e+05 2.99738e+02 2.99647e+02 2.97147e+02 2.96615e+02 2.95765e+02
1.72331e+05 2.99742e+02 2.99651e+02 2.97152e+02 2.96620e+02 2.95770e+02
1.72812e+05 2.99747e+02 2.99656e+02 2.97157e+02 2.96625e+02 2.95774e+02
1.73292e+05 2.99752e+02 2.99661e+02 2.97162e+02 2.96629e+02 2.95778e+02
1.73772e+05 2.99757e+02 2.99666e+02 2.97166e+02 2.96634e+02 2.95782e+02
1.74252e+05 2.99761e+02 2.99670e+02 2.97171e+02 2.96638e+02 2.95786e+02
1.74732e+05 2.99766e+02 2.99675e+02 2.97176e+02 2.96643e+02 2.95791e+02
1.75212e+05 2.99771e+02 2.99680e+02 2.97180e+02 2.96647e+02 2.95795e+02
1.75692e+05 2.99775e+02 2.99684e+02 2.97185e+02 2.96651e+02 2.95799e+02
1.76172e+05 2.99780e+02 2.99689e+02 2.97189e+02 2.96656e+02 2.95803e+02
1.76652e+05 2.99784e+02 2.99693e+02 2.97194e+02 2.96660e+02 2.95807e+02
1.77132e+05 2.99789e+02 2.99698e+02 2.97198e+02 2.96664e+02 2.95811e+02
1.77612e+05 2.99793e+02 2.99702e+02 2.97203e+02 2.96668e+02 2.95814e+02
1.78092e+05 2.99797e+02 2.99706e+02 2.97207e+02 2.96673e+02 2.95818e+02
1.78572e+05 2.99802e+02 2.99711e+02 2.97211e+02 2.96677e+02 2.95822e+02
1.79052e+05 2.99806e+02 2.99715e+02 2.97216e+02 2.96681e+02 2.95826e+02
1.79532e+05 2.99810e+02 2.99719e+02 2.97220e+02 2.96685e+02 2.95830e+02
1.80012e+05 2.99814e+02 2.99723e+02 2.97224e+02 2.96689e+02 2.95834e+02
1.80492e+05 2.99819e+02 2.99728e+02 2.97228e+02 2.96693e+02 2.95837e+02
1.80972e+05 2.99823e+02 2.99732e+02 2.97232e+02 2.96697e+02 2.95841e+02
1.81452e+05 2.99827e+02 2.99736e+02 2.97236e+02 2.96701e+02 2.95845e+02
1.81932e+05 2.99831e+02 2.99740e+02 2.97240e+02 2.96705e+02 2.95848e+02
1.82412e+05 2.99835e+02 2.99744e+02 2.97244e+02 2.96708e+02 2.95852e+02
1.82892e+05 2.99839e+02 2.99748e+02 2.97248e+02 2.96712e+02 2.95855e+02
1.83372e+05 2.99843e+02 2.99752e+02 2.97252e+02 2.96716e+02 2.95859e+02
1.83852e+05 2.99847e+02 2.99756e+02 2.97256e+02 2.96720e+02 2.95862e+02
1.84332e+05 2.99851e+02 2.99760e+02 2.97260e+02 2.96724e+02 2.95866e+02
1.84812e+05 2.99854e+02 2.99764e+02 2.97264e+02 2.96727e+02 2.95869e+02
1.85292e+05 2.99858e+02 2.99767e+02 2.97268e+02 2.96731e+02 2.95873e+02
1.85772e+05 2.99862e+02 2.99771e+02 2.97272e+02 2.96735e+02 2.95876e+02
1.86252e+05 2.99866e+02 2.99775e+02 2.97275e+02 2.96738e+02 2.95879e+02
1.86732e+05 2.99870e+02 2.99779e+02 2.97279e+02 2.96742e+02 2.95883e+02
1.87212e+05 2.99873e+02 2.99782e+02 2.97283e+02 2.96745e+02 2.95886e+02
1.87693e+05 2.99877e+02 2.99786e+02 2.97287e+02 2.96749e+02 2.95889e+02
1.88173e+05 2.99881e+02 2.99790e+02 2.97290e+02 2.96752e+02 2.95892e+02
1.88653e+05 2.99884e+02 2.99793e+02 2.97294e+02 2.96756e+02 2.95895e+02
1.89133e+05 2.99888e+02 2.99797e+02 2.97297e+02 2.96759e+02 2.95899e+02
1.89613e+05 2.99891e+02 2.99800e+02 2.97301e+02 2.96762e+02 2.95902e+02
1.90093e+05 2.99895e+02 2.99804e+02 2.97304e+02 2.96766e+02 2.95905e+02
1.90573e+05 2.99898e+02 2.99807e+02 2.97308e+02 2.96769e+02 2.95908e+02
1.91053e+05 2.99902e+02 2.99811e+02 2.97311e+02 2.96772e+02 2.95911e+02
1.91533e+05 2.99905e+02 2.99814e+02 2.97315e+02 2.96776e+02 2.95914e+02
1.92013e+05 2.99909e+02 2.99818e+02 2.97318e+02 2.96779e+02 2.95917e+02
1.92493e+05 2.99912e+02 2.99821e+02 2.97321e+02 2.96782e+02 2.95920e+02
1.92973e+05 2.99915e+02 2.99824e+02 2.97325e+02 2.96785e+02 2.95923e+02
1.93453e+05 2.99918e+02 2.99828e+02 2.97328e+02 2.96788e+02 2.95926e+02
1.93933e+05 2.99922e+02 2.99831e+02 2.97331e+02 2.96792e+02 2.95929e+02
1.94413e+05 2.99925e+02 2.99834e+02 2.97334e+02 2.96795e+02 2.95932e+02
1.94893e+05 2.99928e+02 2.99837e+02 2.97338e+02 2.96798e+02 2.95935e+02
1.95373e+05 2.99931e+02 2.99840e+02 2.97341e+02 2.96801e+02 2.95937e+02
1.95853e+05 2.99935e+02 2.99844e+02 2.97344e+02 2.96804e+02 2.95940e+02
1.96333e+05 2.99938e+02 2.99847e+02 2.97347e+02 2.96807e+02 2.95943e+02
1.96813e+05 2.99941e+02 2.99850e+02 2.97350e+02 2.96810e+02 2.95946e+02
1.97293e+05 2.99944e+02 2.99853e+02 2.97353e+02 2.96813e+02 2.95948e+02
1.97773e+05 2.99947e+02 2.99856e+02 2.97356e+02 2.96816e+02 2.95951e+02
1.98253e+05 2.99950e+02 2.99859e+02 2.97359e+02 2.96819e+02 2.95954e+02
1.98733e+05 2.99953e+02 2.99862e+02 2.97362e+02 2.96821e+02 2.95956e+02
1.99213e+05 2.99956e+02 2.99865e+02 2.97365e+02 2.96824e+02 2.95959e+02
1.99693e+05 2.99959e+02 2.99868e+02 2.97368e+02 2.96827e+02 2.95962e+02
2.00173e+05 2.99962e+02 2.99871e+02 2.97371e+02 2.96830e+02 2.95964e+02
2.00653e+05 2.99965e+02 2.99874e+02 2.97374e+02 2.96833e+02 2.95967e+02
2.01133e+05 2.99968e+02 2.99877e+02 2.97377e+02 2.96835e+02 2.95969e+02
2.01613e+05 2.99970e+02 2.99879e+02 2.97380e+02 2.96838e+02 2.95972e+02
2.02093e+05 2.99973e+02 2.99882e+02 2.97383e+02 2.96841e+02 2.95974e+02
2.02574e+05 2.99976e+02 2.99885e+02 2.97385e+02 2.96844e+02 2.95977e+02
2.03054e+05 2.99979e+02 2.99888e+02 2.97388e+02 2.96846e+02 2.95979e+02
2.03534e+05 2.99982e+02 2.99891e+02 2.97391e+02 2.96849e+02 2.95982e+02
2.04014e+05 2.99984e+02 2.99893e+02 2.97394e+02 2.96851e+02 2.95984e+02
2.04494e+05 2.99987e+02 2.99896e+02 2.97396e+02 2.96854e+02 2.95987e+02
2.04974e+05 2.99990e+02 2.99899e+02 2.97399e+02 2.96857e+02 2.95989e+02
2.05454e+05 2.99992e+02 2.99901e+02 2.97402e+02 2.96859e+02 2.95991e+02
2.05934e+05 2.99995e+02 2.99904e+02 2.97404e+02 2.96862e+02 2.95994e+02
2.06414e+05 2.99998e+02 2.99907e+02 2.97407e+02 2.96864e+02 2.95996e+02
2.06894e+05 3.00000e+02 2.99909e+02 2.97410e+02 2.96867e+02 2.95998e+02
2.07374e+05 3.00003e+02 2.99912e+02 2.97412e+02 2.96869e+02 2.96001e+02
2.07854e+05 3.00005e+02 2.99914e+02 2.97415e+02 2.96871e+02 2.96003e+02
2.08334e+05 3.00008e+02 2.99917e+02 2.97417e+02 2.96874e+02 2.96005e+02
2.08814e+05 3.00010e+02 2.99919e+02 2.97420e+02 2.96876e+02 2.96007e+02
2.09294e+05 3.00013e+02 2.99922e+02 2.97422e+02 2.96879e+02 2.96009e+02
2.09774e+05 3.00015e+02 2.99924e+02 2.97425e+02 2.96881e+02 2.96012e+02
2.10254e+05 3.00018e+02 2.99927e+02 2.97427e+02 2.96883e+02 2.96014e+02
2.10734e+05 3.00020e+02 2.99929e+02 2.97429e+02 2.96886e+02 2.96016e+02
2.11214e+05 3.00022e+02 2.99931e+02 2.97432e+02 2.96888e+02 2.96018e+02
2.11694e+05 3.00025e+02 2.99934e+02 2.97434e+02 2.96890e+02 2.96020e+02
2.12174e+05 3.00027e+02 2.99936e+02 2.97436e+02 2.96892e+02 2.96022e+02
2.12654e+05 3.00029e+02 2.99939e+02 2.97439e+02 2.96895e+02 2.96024e+02
2.13134e+05 3.00032e+02 2.99941e+02 2.97441e+02 2.96897e+02 2.96026e+02
2.13614e+05 3.00034e+02 2.99943e+02 2.97443e+02 2.96899e+02 2.96028e+02
2.14094e+05 3.00036e+02 2.99945e+02 2.97446e+02 2.96901e+02 2.96030e+02
2.14574e+05 3.00039e+02 2.99948e+02 2.97448e+02 2.96903e+02 2.96032e+02
2.15054e+05 3.00041e+02 2.99950e+02 2.97450e+02 2.96905e+02 2.96034e+02
2.15534e+05 3.00043e+02 2.99952e+02 2.97452e+02 2.96908e+02 2.96036e+02
2.16014e+05 3.00045e+02 2.99954e+02 2.97455e+02 2.96910e+02 2.96038e+02
2.16494e+05 3.00047e+02 2.99956e+02 2.97457e+02 2.96912e+02 2.96040e+02
2.16974e+05 3.00049e+02 2.99959e+02 2.97459e+02 2.96914e+02 2.96042e+02
2.17454e+05 3.00052e+02 2.99961e+02 2.97461e+02 2.96916e+02 2.96044e+02
2.17935e+05 3.00054e+02 2.99963e+02 2.97463e+02 2.96918e+02 2.96046e+02
2.18415e+05 3.00056e+02 2.99965e+02 2.97465e+02 2.96920e+02 2.96048e+02
2.18895e+05 3.00058e+02 2.99967e+02 2.97467e+02 2.96922e+02 2.96050e+02
2.19375e+05 3.00060e+02 2.99969e+02 2.97469e+02 2.96924e+02 2.96051e+02
2.19855e+05 3.00062e+02 2.99971e+02 2.97471e+02 2.96926e+02 2.96053e+02
2.20335e+05 3.00064e+02 2.99973e+02 2.97473e+02 2.96928e+02 2.96055e+02
2.20815e+05 3.00066e+02 2.99975e+02 2.97475e+02 2.96930e+02 2.96057e+02
2.21295e+05 3.00068e+02 2.99977e+02 2.97477e+02 2.96932e+02 2.96059e+02
2.21775e+05 3.00070e+02 2.99979e+02 2.97479e+02 2.96933e+02 2.96060e+02
2.22255e+05 3.00072e+02 2.99981e+02 2.97481e+02 2.96935e+02 2.96062e+02
2.22735e+05 3.00074e+02 2.99983e+02 2.97483e+02 2.96937e+02 2.96064e+02
2.23215e+05 3.00076e+02 2.99985e+02 2.97485e+02 2.96939e+02 2.96065e+02
2.23695e+05 3.00078e+02 2.99987e+02 2.97487e+02 2.96941e+02 2.96067e+02
2.24175e+05 3.00080e+02 2.99989e+02 2.97489e+02 2.96943e+02 2.96069e+02
2.24655e+05 3.00082e+02 2.99991e+02 2.97491e+02 2.96944e+02 2.96070e+02
2.25135e+05 3.00083e+02 2.99992e+02 2.97493e+02 2.96946e+02 2.96072e+02
2.25615e+05 3.00085e+02 2.99994e+02 2.97495e+02 2.96948e+02 2.96074e+02
2.26095e+05 3.00087e+02 2.99996e+02 2.97496e+02 2.96950e+02 2.96075e+02
2.26575e+05 3.00089e+02 2.99998e+02 2.97498e+02 2.96951e+02 2.96077e+02
2.27055e+05 3.00091e+02 3.00000e+02 2.97500e+02 2.96953e+02 2.96079e+02
2.27535e+05 3.00092e+02 3.00002e+02 2.97502e+02 2.96955e+02 2.96080e+02
2.28015e+05 3.00094e+02 3.00003e+02 2.97503e+02 2.96957e+02 2.96082e+02
2.28495e+05 3.00096e+02 3.00005e+02 2.97505e+02 2.96958e+02 2.96083e+02
2.28975e+05 3.00098e+02 3.00007e+02 2.97507e+02 2.96960e+02 2.96085e+02
2.29455e+05 3.00099e+02 3.00008e+02 2.97509e+02 2.96962e+02 2.96086e+02
2.29935e+05 3.00101e+02 3.00010e+02 2.97510e+02 2.96963e+02 2.96088e+02
2.30415e+05 3.00103e+02 3.00012e+02 2.97512e+02 2.96965e+02 2.96089e+02
2.30895e+05 3.00104e+02 3.00014e+02 2.97514e+02 2.96966e+02 2.96091e+02
2.31375e+05 3.00106e+02 3.00015e+02 2.97515e+02 2.96968e+02 2.96092e+02
2.31855e+05 3.00108e+02 3.00017e+02 2.97517e+02 2.96970e+02 2.96094e+02
2.32335e+05 3.00109e+02 3.00018e+02 2.97519e+02 2.96971e+02 2.96095e+02
2.32816e+05 3.00111e+02 3.00020e+02 2.97520e+02 2.96973e+02 2.96097e+02
2.33296e+05 3.00113e+02 3.00022e+02 2.97522e+02 2.96974e+02 2.96098e+02
2.33776e+05 3.00114e+02 3.00023e+02 2.97523e+02 2.96976e+02 2.96099e+02
2.34256e+05 3.00116e+02 3.00025e+02 2.97525e+02 2.96977e+02 2.96101e+02
2.34736e+05 3.00117e+02 3.00026e+02 2.97527e+02 2.96979e+02 2.96102e+02
2.35216e+05 3.00119e+02 3.00028e+02 2.97528e+02 2.96980e+02 2.96104e+02
2.35696e+05 3.00120e+02 3.00030e+02 2.97530e+02 2.96982e+02 2.96105e+02
2.36176e+05 3.00122e+02 3.00031e+02 2.97531e+02 2.96983e+02 2.96106e+02
2.36656e+05 3.00123e+02 3.00033e+02 2.97533e+02 2.96985e+02 2.96108e+02
2.37136e+05 3.00125e+02 3.00034e+02 2.97534e+02 2.96986e+02 2.96109e+02
2.37616e+05 3.00126e+02 3.00036e+02 2.97536e+02 2.96987e+02 2.96110e+02
2.38096e+05 3.00128e+02 3.00037e+02 2.97537e+02 2.96989e+02 2.96112e+02
2.38576e+05 3.00129e+02 3.00038e+02 2.97539e+02 2.96990e+02 2.96113e+02
2.39056e+05 3.00131e+02 3.00040e+02 2.97540e+02 2.96992e+02 2.96114e+02
2.39536e+05 3.00132e+02 3.00041e+02 2.97542e+02 2.96993e+02 2.96115e+02
2.40016e+05 3.00134e+02 3.00043e+02 2.97543e+02 2.96994e+02 2.96117e+02
2.40496e+05 3.00135e+02 3.00044e+02 2.97544e+02 2.96996e+02 2.96118e+02
2.40976e+05 3.00136e+02 3.00046e+02 2.97546e+02 2.96997e+02 2.96119e+02
2.41456e+05 3.00138e+02 3.00047e+02 2.97547e+02 2.96998e+02 2.96120e+02
2.41936e+05 3.00139e+02 3.00048e+02 2.97548e+02 2.97000e+02 2.96122e+02
2.42416e+05 3.00141e+02 3.00050e+02 2.97550e+02 2.97001e+02 2.96123e+02
2.42896e+05 3.00142e+02 3.00051e+02 2.97551e+02 2.97002e+02 2.96124e+02
2.43376e+05 3.00143e+02 3.00052e+02 2.97553e+02 2.97003e+02 2.96125e+02
2.43856e+05 3.00145e+02 3.00054e+02 2.97554e+02 2.97005e+02 2.96126e+02
2.44336e+05 3.00146e+02 3.00055e+02 2.97555e+02 2.97006e+02 2.96128e+02
2.44816e+05 3.00147e+02 3.00056e+02 2.97556e+02 2.97007e+02 2.96129e+02
2.45296e+05 3.00149e+02 3.00058e+02 2.97558e+02 2.97008e+02 2.96130e+02
2.45776e+05 3.00150e+02 3.00059e+02 2.97559e+02 2.97010e+02 2.96131e+02
2.46256e+05 3.00151e+02 3.00060e+02 2.97560e+02 2.97011e+02 2.96132e+02
2.46736e+05 3.00152e+02 3.00061e+02 2.97562e+02 2.97012e+02 2.96133e+02
2.47216e+05 3.00154e+02 3.00063e+02 2.97563e+02 2.97013e+02 2.96134e+02
2.47697e+05 3.00155e+02 3.00064e+02 2.97564e+02 2.97015e+02 2.96135e+02
2.48177e+05 3.00156e+02 3.00065e+02 2.97565e+02 2.97016e+02 2.96137e+02
2.48657e+05 3.00157e+02 3.00066e+02 2.97566e+02 2.97017e+02 2.96138e+02
2.49137e+05 3.00158e+02 3.00068e+02 2.97568e+02 2.97018e+02 2.96139e+02
2.49617e+05 3.00160e+02 3.00069e+02 2.97569e+02 2.97019e+02 2.96140e+02
2.50097e+05 3.00161e+02 3.00070e+02 2.97570e+02 2.97020e+02 2.96141e+02
2.50577e+05 3.00162e+02 3.00071e+02 2.97571e+02 2.97021e+02 2.96142e+02
2.51057e+05 3.00163e+02 3.00072e+02 2.97572e+02 2.97023e+02 2.96143e+02
2.51537e+05 3.00164e+02 3.00073e+02 2.97574e+02 2.97024e+02 2.96144e+02
2.52017e+05 3.00165e+02 3.00075e+02 2.97575e+02 2.97025e+02 2.96145e+02
2.52497e+05 3.00167e+02 3.00076e+02 2.97576e+02 2.97026e+02 2.96146e+02
2.52977e+05 3.00168e+02 3.00077e+02 2.97577e+02 2.97027e+02 2.96147e+02
2.53457e+05 3.00169e+02 3.00078e+02 2.97578e+02 2.97028e+02 2.96148e+02
2.53937e+05 3.00170e+02 3.00079e+02 2.97579e+02 2.97029e+02 2.96149e+02
2.54417e+05 3.00171e+02 3.00080e+02 2.97580e+02 2.97030e+02 2.96150e+02
2.54897e+05 3.00172e+02 3.00081e+02 2.97581e+02 2.97031e+02 2.96151e+02
2.55377e+05 3.00173e+02 3.00082e+02 2.97582e+02 2.97032e+02 2.96152e+02
2.55857e+05 3.00174e+02 3.00083e+02 2.97583e+02 2.97033e+02 2.96153e+02
2.56337e+05 3.00175e+02 3.00084e+02 2.97585e+02 2.97034e+02 2.96154e+02
2.56817e+05 3.00176e+02 3.00085e+02 2.97586e+02 2.97035e+02 2.96155e+02
2.57297e+05 3.00177e+02 3.00086e+02 2.97587e+02 2.97036e+02 2.96156e+02
2.57777e+05 3.00178e+02 3.00088e+02 2.97588e+02 2.97037e+02 2.96156e+02
2.58257e+05 3.00179e+02 3.00089e+02 2.97589e+02 2.97038e+02 2.96157e+02
2.58737e+05 3.00180e+02 3.00090e+02 2.97590e+02 2.97039e+02 2.96158e+02
2.59217e+05 3.00181e+02 3.00091e+02 2.97591e+02 2.97040e+02 2.96159e+02
2.59697e+05 3.00182e+02 3.00092e+02 2.97592e+02 2.97041e+02 2.96160e+02
2.60177e+05 3.00183e+02 3.00093e+02 2.97593e+02 2.97042e+02 2.96161e+02
2.60657e+05 3.00184e+02 3.00094e+02 2.97594e+02 2.97043e+02 2.96162e+02
2.61137e+05 3.00185e+02 3.00094e+02 2.97595e+02 2.97044e+02 2.96163e+02
2.61617e+05 3.00186e+02 3.00095e+02 2.97596e+02 2.97045e+02 2.96163e+02
2.62097e+05 3.00187e+02 3.00096e+02 2.97597e+02 2.97046e+02 2.96164e+02
2.62578e+05 3.00188e+02 3.00097e+02 2.97597e+02 2.97047e+02 2.96165e+02
2.63058e+05 3.00189e+02 3.00098e+02 2.97598e+02 2.97047e+02 2.96166e+02
2.63538e+05 3.00190e+02 3.00099e+02 2.97599e+02 2.97048e+02 2.96167e+02
2.64018e+05 3.00191e+02 3.00100e+02 2.97600e+02 2.97049e+02 2.96168e+02
2.64498e+05 3.00192e+02 3.00101e+02 2.97601e+02 2.97050e+02 2.96168e+02
2.64978e+05 3.00193e+02 3.00102e+02 2.97602e+02 2.97051e+02 2.96169e+02
2.65458e+05 3.00194e+02 3.00103e+02 2.97603e+02 2.97052e+02 2.96170e+02
2.65938e+05 3.00195e+02 3.00104e+02 2.97604e+02 2.97053e+02 2.96171e+02
2.66418e+05 3.00196e+02 3.00105e+02 2.97605e+02 2.97053e+02 2.96172e+02
2.66898e+05 3.00196e+02 3.00105e+02 2.97606e+02 2.97054e+02 2.96172e+02
2.67378e+05 3.00197e+02 3.00106e+02 2.97606e+02 2.97055e+02 2.96173e+02
2.67858e+05 3.00198e+02 3.00107e+02 2.97607e+02 2.97056e+02 2.96174e+02
2.68338e+05 3.00199e+02 3.00108e+02 2.97608e+02 2.97057e+02 2.96175e+02
2.68818e+05 3.00200e+02 3.00109e+02 2.97609e+02 2.97058e+02 2.96175e+02
2.69298e+05 3.00201e+02 3.00110e+02 2.97610e+02 2.97058e+02 2.96176e+02
2.69778e+05 3.00201e+02 3.00111e+02 2.97611e+02 2.97059e+02 2.96177e+02
2.70258e+05 3.00202e+02 3.00111e+02 2.97612e+02 2.97060e+02 2.96178e+02
2.70738e+05 3.00203e+02 3.00112e+02 2.97612e+02 2.97061e+02 2.96178e+02
2.71218e+05 3.00204e+02 3.00113e+02 2.97613e+02 2.97061e+02 2.96179e+02
2.71698e+05 3.00205e+02 3.00114e+02 2.97614e+02 2.97062e+02 2.96180e+02
2.72178e+05 3.00206e+02 3.00115e+02 2.97615e+02 2.97063e+02 2.96180e+02
2.72658e+05 3.00206e+02 3.00115e+02 2.97616e+02 2.97064e+02 2.96181e+02
2.73138e+05 3.00207e+02 3.00116e+02 2.97616e+02 2.97065e+02 2.96182e+02
2.73618e+05 3.00208e+02 3.00117e+02 2.97617e+02 2.97065e+02 2.96183e+02
2.74098e+05 3.00209e+02 3.00118e+02 2.97618e+02 2.97066e+02 2.96183e+02
2.74578e+05 3.00209e+02 3.00118e+02 2.97619e+02 2.97067e+02 2.96184e+02
2.75058e+05 3.00210e+02 3.00119e+02 2.97619e+02 2.97067e+02 2.96185e+02
2.75538e+05 3.00211e+02 3.00120e+02 2.97620e+02 2.97068e+02 2.96185e+02
2.76018e+05 3.00212e+02 3.00121e+02 2.97621e+02 2.97069e+02 2.96186e+02
2.76498e+05 3.00212e+02 3.00121e+02 2.97622e+02 2.97070e+02 2.96187e+02
2.76978e+05 3.00213e+02 3.00122e+02 2.97622e+02 2.97070e+02 2.96187e+02
2.77458e+05 3.00214e+02 3.00123e+02 2.97623e+02 2.97071e+02 2.96188e+02
2.77939e+05 3.00215e+02 3.00124e+02 2.97624e+02 2.97072e+02 2.96188e+02
2.78419e+05 3.00215e+02 3.00124e+02 2.97624e+02 2.97072e+02 2.96189e+02
2.78899e+05 3.00216e+02 3.00125e+02 2.97625e+02 2.97073e+02 2.96190e+02
2.79379e+05 3.00217e+02 3.00126e+02 2.97626e+02 2.97074e+02 2.96190e+02
2.79859e+05 3.00217e+02 3.00126e+02 2.97627e+02 2.97074e+02 2.96191e+02
2.80339e+05 3.00218e+02 3.00127e+02 2.97627e+02 2.97075e+02 2.96192e+02
2.80819e+05 3.00219e+02 3.00128e+02 2.97628e+02 2.97076e+02 2.96192e+02
2.81299e+05 3.00219e+02 3.00128e+02 2.97629e+02 2.97076e+02 2.96193e+02
2.81779e+05 3.00220e+02 3.00129e+02 2.97629e+02 2.97077e+02 2.96193e+02
2.82259e+05 3.00221e+02 3.00130e+02 2.97630e+02 2.97078e+02 2.96194e+02
2.82739e+05 3.00221e+02 3.00130e+02 2.97631e+02 2.97078e+02 2.96194e+02
2.83219e+05 3.00222e+02 3.00131e+02 2.97631e+02 2.97079e+02 2.96195e+02
2.83699e+05 3.00223e+02 3.00132e+02 2.97632e+02 2.97079e+02 2.96196e+02
2.84179e+05 3.00223e+02 3.00132e+02 2.97632e+02 2.97080e+02 2.96196e+02
2.84659e+05 3.00224e+02 3.00133e+02 2.97633e+02 2.97081e+02 2.96197e+02
2.85139e+05 3.00225e+02 3.00134e+02 2.97634e+02 2.97081e+02 2.96197e+02
2.85619e+05 3.00225e+02 3.00134e+02 2.97634e+02 2.97082e+02 2.96198e+02
2.86099e+05 3.00226e+02 3.00135e+02 2.97635e+02 2.97082e+02 2.96198e+02
2.86579e+05 3.00226e+02 3.00135e+02 2.97636e+02 2.97083e+02 2.96199e+02
2.87059e+05 3.00227e+02 3.00136e+02 2.97636e+02 2.97084e+02 2.96199e+02
2.87539e+05 3.00228e+02 3.00137e+02 2.97637e+02 2.97084e+02 2.96200e+02
