# --------------------------------------------------
#      SOLUTION
# 
# --------------------------------------------------
# 
# |time|node 0|...|node n|
# 
0.00000e+00 2.85150e+02
4.80032e+02 2.85211e+02
9.60064e+02 2.85309e+02
1.44010e+03 2.85408e+02
1.92013e+03 2.85506e+02
2.40016e+03 2.85603e+02
2.88019e+03 2.85699e+02
3.36022e+03 2.85794e+02
3.84026e+03 2.85889e+02
4.32029e+03 2.85982e+02
4.80032e+03 2.86075e+02
5.28035e+03 2.86167e+02
5.76038e+03 2.86259e+02
6.24042e+03 2.86349e+02
6.72045e+03 2.86439e+02
7.20048e+03 2.86528e+02
7.68051e+03 2.86616e+02
8.16054e+03 2.86703e+02
8.64058e+03 2.86790e+02
9.12061e+03 2.86876e+02
9.60064e+03 2.86961e+02
1.00807e+04 2.87046e+02
1.05607e+04 2.87129e+02
1.10407e+04 2.87212e+02
1.15208e+04 2.87294e+02
1.20008e+04 2.87376e+02
1.24808e+04 2.87457e+02
1.29609e+04 2.87537e+02
1.34409e+04 2.87616e+02
1.39209e+04 2.87695e+02
1.44010e+04 2.87773e+02
1.48810e+04 2.87850e+02
1.53610e+04 2.87927e+02
1.58411e+04 2.88003e+02
1.63211e+04 2.88078e+02
1.68011e+04 2.88153e+02
1.72812e+04 2.88227e+02
1.77612e+04 2.88300e+02
1.82412e+04 2.88373e+02
1.87212e+04 2.88445e+02
1.92013e+04 2.88517e+02
1.96813e+04 2.88588e+02
2.01613e+04 2.88658e+02
2.06414e+04 2.88728e+02
2.11214e+04 2.88797e+02
2.16014e+04 2.88865e+02
2.20815e+04 2.88933e+02
2.25615e+04 2.89001e+02
2.30415e+04 2.89067e+02
2.35216e+04 2.89133e+02
2.40016e+04 2.89199e+02
2.44816e+04 2.89264e+02
2.49617e+04 2.89328e+02
2.54417e+04 2.89392e+02
2.59217e+04 2.89456e+02
2.64018e+04 2.89518e+02
2.68818e+04 2.89581e+02
2.73618e+04 2.89642e+02
2.78419e+04 2.89704e+02
2.83219e+04 2.89764e+02
2.88019e+04 2.89824e+02
2.92820e+04 2.89884e+02
2.97620e+04 2.89943e+02
3.02420e+04 2.90002e+02
3.07220e+04 2.90060e+02
3.12021e+04 2.90117e+02
3.16821e+04 2.90174e+02
3.21621e+04 2.90231e+02
3.26422e+04 2.90287e+02
3.31222e+04 2.90342e+02
3.36022e+04 2.90397e+02
3.40823e+04 2.90452e+02
3.45623e+04 2.90506e+02
3.50423e+04 2.90560e+02
3.55224e+04 2.90613e+02
3.60024e+04 2.90666e+02
3.64824e+04 2.90718e+02
3.69625e+04 2.90770e+02
3.74425e+04 2.90821e+02
3.79225e+04 2.90872e+02
3.84026e+04 2.90923e+02
3.88826e+04 2.90973e+02
3.93626e+04 2.91023e+02
3.98427e+04 2.91072e+02
4.03227e+04 2.91121e+02
4.08027e+04 2.91169e+02
4.12828e+04 2.91217e+02
4.17628e+04 2.91264e+02
4.22428e+04 2.91312e+02
4.27228e+04 2.91358e+02
4.32029e+04 2.91405e+02
4.36829e+04 2.91450e+02
4.41629e+04 2.91496e+02
4.46430e+04 2.91541e+02
4.51230e+04 2.91586e+02
4.56030e+04 2.91630e+02
4.60831e+04 2.91674e+02
4.65631e+04 2.91718e+02
4.70431e+04 2.91761e+02
4.75232e+04 2.91804e+02
4.80032e+04 2.91846e+02
4.84832e+04 2.91888e+02
4.89633e+04 2.91930e+02
4.94433e+04 2.91971e+02
4.99233e+04 2.92012e+02
5.04034e+04 2.92053e+02
5.08834e+04 2.92093e+02
5.13634e+04 2.92133e+02
5.18435e+04 2.92173e+02
5.23235e+04 2.92212e+02
5.28035e+04 2.92251e+02
5.32836e+04 2.92290e+02
5.37636e+04 2.92328e+02
5.42436e+04 2.92366e+02
5.47236e+04 2.92403e+02
5.52037e+04 2.92441e+02
5.56837e+04 2.92478e+02
5.61637e+04 2.92514e+02
5.66438e+04 2.92551e+02
5.71238e+04 2.92587e+02
5.76038e+04 2.92622e+02
5.80839e+04 2.92658e+02
5.85639e+04 2.92693e+02
5.90439e+04 2.92727e+02
5.95240e+04 2.92762e+02
6.00040e+04 2.92796e+02
6.04840e+04 2.92830e+02
6.09641e+04 2.92863e+02
6.14441e+04 2.92897e+02
6.19241e+04 2.92930e+02
6.24042e+04 2.92962e+02
6.28842e+04 2.92995e+02
6.33642e+04 2.93027e+02
6.38443e+04 2.93059e+02
6.43243e+04 2.93090e+02
6.48043e+04 2.93122e+02
6.52844e+04 2.93153e+02
6.57644e+04 2.93184e+02
6.62444e+04 2.93214e+02
6.67244e+04 2.93244e+02
6.72045e+04 2.93274e+02
6.76845e+04 2.93304e+02
6.81645e+04 2.93334e+02
6.86446e+04 2.93363e+02
6.91246e+04 2.93392e+02
6.96046e+04 2.93420e+02
7.00847e+04 2.93449e+02
7.05647e+04 2.93477e+02
7.10447e+04 2.93505e+02
7.15248e+04 2.93533e+02
7.20048e+04 2.93560e+02
7.24848e+04 2.93588e+02
7.29649e+04 2.93615e+02
7.34449e+04 2.93641e+02
7.39249e+04 2.93668e+02
7.44050e+04 2.93694e+02
7.48850e+04 2.93720e+02
7.53650e+04 2.93746e+02
7.58451e+04 2.93772e+02
7.63251e+04 2.93797e+02
7.68051e+04 2.93822e+02
7.72852e+04 2.93847e+02
7.77652e+04 2.93872e+02
7.82452e+04 2.93897e+02
7.87252e+04 2.93921e+02
7.92053e+04 2.93945e+02
7.96853e+04 2.93969e+02
8.01653e+04 2.93993e+02
8.06454e+04 2.94016e+02
8.11254e+04 2.94039e+02
8.16054e+04 2.94063e+02
8.20855e+04 2.94085e+02
8.25655e+04 2.94108e+02
8.30455e+04 2.94131e+02
8.35256e+04 2.94153e+02
8.40056e+04 2.94175e+02
8.44856e+04 2.94197e+02
8.49657e+04 2.94219e+02
8.54457e+04 2.94240e+02
8.59257e+04 2.94262e+02
8.64058e+04 2.94283e+02
8.68858e+04 2.94304e+02
8.73658e+04 2.94325e+02
8.78459e+04 2.94345e+02
8.83259e+04 2.94366e+02
8.88059e+04 2.94386e+02
8.92860e+04 2.94406e+02
8.97660e+04 2.94426e+02
9.02460e+04 2.94446e+02
9.07260e+04 2.94465e+02
9.12061e+04 2.94485e+02
9.16861e+04 2.94504e+02
9.21661e+04 2.94523e+02
9.26462e+04 2.94542e+02
9.31262e+04 2.94561e+02
9.36062e+04 2.94579e+02
9.40863e+04 2.94598e+02
9.45663e+04 2.94616e+02
9.50463e+04 2.94634e+02
9.55264e+04 2.94652e+02
9.60064e+04 2.94670e+02
9.64864e+04 2.94687e+02
9.69665e+04 2.94705e+02
9.74465e+04 2.94722e+02
9.79265e+04 2.94739e+02
9.84066e+04 2.94756e+02
9.88866e+04 2.94773e+02
9.93666e+04 2.94790e+02
9.98467e+04 2.94806e+02
1.00327e+05 2.94823e+02
1.00807e+05 2.94839e+02
1.01287e+05 2.94855e+02
1.01767e+05 2.94871e+02
1.02247e+05 2.94887e+02
1.02727e+05 2.94903e+02
1.03207e+05 2.94919e+02
1.03687e+05 2.94934e+02
1.04167e+05 2.94949e+02
1.04647e+05 2.94965e+02
1.05127e+05 2.94980e+02
1.05607e+05 2.94995e+02
1.06087e+05 2.95010e+02
1.06567e+05 2.95024e+02
1.07047e+05 2.95039e+02
1.07527e+05 2.95053e+02
1.08007e+05 2.95068e+02
1.08487e+05 2.95082e+02
1.08967e+05 2.95096e+02
1.09447e+05 2.95110e+02
1.09927e+05 2.95124e+02
1.10407e+05 2.95137e+02
1.10887e+05 2.95151e+02
1.11367e+05 2.95164e+02
1.11847e+05 2.95178e+02
1.12327e+05 2.95191e+02
1.12808e+05 2.95204e+02
1.13288e+05 2.95217e+02
1.13768e+05 2.95230e+02
1.14248e+05 2.95243e+02
1.14728e+05 2.95255e+02
1.15208e+05 2.95268e+02
1.15688e+05 2.95280e+02
1.16168e+05 2.95293e+02
1.16648e+05 2.95305e+02
1.17128e+05 2.95317e+02
1.17608e+05 2.95329e+02
1.18088e+05 2.95341e+02
1.18568e+05 2.95353e+02
1.19048e+05 2.95365e+02
1.19528e+05 2.95376e+02
1.20008e+05 2.95388e+02
1.20488e+05 2.95399e+02
1.20968e+05 2.95410e+02
1.21448e+05 2.95422e+02
1.21928e+05 2.95433e+02
1.22408e+05 2.95444e+02
1.22888e+05 2.95455e+02
1.23368e+05 2.95466e+02
1.23848e+05 2.95476e+02
1.24328e+05 2.95487e+02
1.24808e+05 2.95497e+02
1.25288e+05 2.95508e+02
1.25768e+05 2.95518e+02
1.26248e+05 2.95529e+02
1.26728e+05 2.95539e+02
1.27208e+05 2.95549e+02
1.27689e+05 2.95559e+02
1.28169e+05 2.95569e+02
1.28649e+05 2.95579e+02
1.29129e+05 2.95588e+02
1.29609e+05 2.95598e+02
1.30089e+05 2.95608e+02
1.30569e+05 2.95617e+02
1.31049e+05 2.95627e+02
1.31529e+05 2.95636e+02
1.32009e+05 2.95645e+02
1.32489e+05 2.95654e+02
1.32969e+05 2.95663e+02
1.33449e+05 2.95673e+02
1.33929e+05 2.95681e+02
1.34409e+05 2.95690e+02
1.34889e+05 2.95699e+02
1.35369e+05 2.95708e+02
1.35849e+05 2.95716e+02
1.36329e+05 2.95725e+02
1.36809e+05 2.95734e+02
1.37289e+05 2.95742e+02
1.37769e+05 2.95750e+02
1.38249e+05 2.95759e+02
1.38729e+05 2.95767e+02
1.39209e+05 2.95775e+02
1.39689e+05 2.95783e+02
1.40169e+05 2.95791e+02
1.40649e+05 2.95799e+02
1.41129e+05 2.95807e+02
1.41609e+05 2.95814e+02
1.42089e+05 2.95822e+02
1.42570e+05 2.95830e+02
1.43050e+05 2.95837e+02
1.43530e+05 2.95845e+02
1.44010e+05 2.95852e+02
1.44490e+05 2.95860e+02
1.44970e+05 2.95867e+02
1.45450e+05 2.95874e+02
1.45930e+05 2.95882e+02
1.46410e+05 2.95889e+02
1.46890e+05 2.95896e+02
1.47370e+05 2.95903e+02
1.47850e+05 2.95910e+02
1.48330e+05 2.95917e+02
1.48810e+05 2.95923e+02
1.49290e+05 2.95930e+02
1.49770e+05 2.95937e+02
1.50250e+05 2.95944e+02
1.50730e+05 2.95950e+02
1.51210e+05 2.95957e+02
1.51690e+05 2.95963e+02
1.52170e+05 2.95970e+02
1.52650e+05 2.95976e+02
1.53130e+05 2.95982e+02
1.53610e+05 2.95989e+02
1.54090e+05 2.95995e+02
1.54570e+05 2.96001e+02
1.55050e+05 2.96007e+02
1.55530e+05 2.96013e+02
1.56010e+05 2.96019e+02
1.56490e+05 2.96025e+02
1.56970e+05 2.96031e+02
1.57450e+05 2.96037e+02
1.57931e+05 2.96043e+02
1.58411e+05 2.96048e+02
1.58891e+05 2.96054e+02
1.59371e+05 2.96060e+02
1.59851e+05 2.96065e+02
1.60331e+05 2.96071e+02
1.60811e+05 2.96076e+02
1.61291e+05 2.96082e+02
1.61771e+05 2.96087e+02
1.62251e+05 2.96092e+02
1.62731e+05 2.96098e+02
1.63211e+05 2.96103e+02
1.63691e+05 2.96108e+02
1.64171e+05 2.96113e+02
1.64651e+05 2.96119e+02
1.65131e+05 2.96124e+02
1.65611e+05 2.96129e+02
1.66091e+05 2.96134e+02
1.66571e+05 2.96139e+02
1.67051e+05 2.96144e+02
1.67531e+05 2.96148e+02
1.68011e+05 2.96153e+02
1.68491e+05 2.96158e+02
1.68971e+05 2.96163e+02
1.69451e+05 2.96167e+02
1.69931e+05 2.96172e+02
1.70411e+05 2.96177e+02
1.70891e+05 2.96181e+02
1.71371e+05 2.96186e+02
1.71851e+05 2.96190e+02
1.72331e+05 2.96195e+02
1.72812e+05 2.96199e+02
1.73292e+05 2.96204e+02
1.73772e+05 2.96208e+02
1.74252e+05 2.96212e+02
1.74732e+05 2.96217e+02
1.75212e+05 2.96221e+02
1.75692e+05 2.96225e+02
1.76172e+05 2.96229e+02
1.76652e+05 2.96233e+02
1.77132e+05 2.96237e+02
1.77612e+05 2.96241e+02
1.78092e+05 2.96245e+02
1.78572e+05 2.96249e+02
1.79052e+05 2.96253e+02
1.79532e+05 2.96257e+02
1.80012e+05 2.96261e+02
1.80492e+05 2.96265e+02
1.80972e+05 2.96269e+02
1.81452e+05 2.96273e+02
1.81932e+05 2.96276e+02
1.82412e+05 2.96280e+02
1.82892e+05 2.96284e+02
1.83372e+05 2.96287e+02
1.83852e+05 2.96291e+02
1.84332e+05 2.96295e+02
1.84812e+05 2.96298e+02
1.85292e+05 2.96302e+02
1.85772e+05 2.96305e+02
1.86252e+05 2.96309e+02
1.86732e+05 2.96312e+02
1.87212e+05 2.96316e+02
1.87693e+05 2.96319e+02
1.88173e+05 2.96322e+02
1.88653e+05 2.96326e+02
1.89133e+05 2.96329e+02
1.89613e+05 2.96332e+02
1.90093e+05 2.96335e+02
1.90573e+05 2.96339e+02
1.91053e+05 2.96342e+02
1.91533e+05 2.96345e+02
1.92013e+05 2.96348e+02
1.92493e+05 2.96351e+02
1.92973e+05 2.96354e+02
1.93453e+05 2.96357e+02
1.93933e+05 2.96360e+02
1.94413e+05 2.96363e+02
1.94893e+05 2.96366e+02
1.95373e+05 2.96369e+02
1.95853e+05 2.96372e+02
1.96333e+05 2.96375e+02
1.96813e+05 2.96378e+02
1.97293e+05 2.96381e+02
1.97773e+05 2.96383e+02
1.98253e+05 2.96386e+02
1.98733e+05 2.96389e+02
1.99213e+05 2.96392e+02
1.99693e+05 2.96394e+02
2.00173e+05 2.96397e+02
2.00653e+05 2.96400e+02
2.01133e+05 2.96402e+02
2.01613e+05 2.96405e+02
2.02093e+05 2.96408e+02
2.02574e+05 2.96410e+02
2.03054e+05 2.96413e+02
2.03534e+05 2.96415e+02
2.04014e+05 2.96418e+02
2.04494e+05 2.96420e+02
2.04974e+05 2.96423e+02
2.05454e+05 2.96425e+02
2.05934e+05 2.96428e+02
2.06414e+05 2.96430e+02
2.06894e+05 2.96432e+02
2.07374e+05 2.96435e+02
2.07854e+05 2.96437e+02
2.08334e+05 2.96439e+02
2.08814e+05 2.96442e+02
2.09294e+05 2.96444e+02
2.09774e+05 2.96446e+02
2.10254e+05 2.96449e+02
2.10734e+05 2.96451e+02
2.11214e+05 2.96453e+02
2.11694e+05 2.96455e+02
2.12174e+05 2.96457e+02
2.12654e+05 2.96459e+02
2.13134e+05 2.96462e+02
2.13614e+05 2.96464e+02
2.14094e+05 2.96466e+02
2.14574e+05 2.96468e+02
2.15054e+05 2.96470e+02
2.15534e+05 2.96472e+02
2.16014e+05 2.96474e+02
2.16494e+05 2.96476e+02
2.16974e+05 2.96478e+02
2.17454e+05 2.96480e+02
2.17935e+05 2.96482e+02
2.18415e+05 2.96484e+02
2.18895e+05 2.96486e+02
2.19375e+05 2.96488e+02
2.19855e+05 2.96489e+02
2.20335e+05 2.96491e+02
2.20815e+05 2.96493e+02
2.21295e+05 2.96495e+02
2.21775e+05 2.96497e+02
2.22255e+05 2.96499e+02
2.22735e+05 2.96500e+02
2.23215e+05 2.96502e+02
2.23695e+05 2.96504e+02
2.24175e+05 2.96506e+02
2.24655e+05 2.96507e+02
2.25135e+05 2.96509e+02
2.25615e+05 2.96511e+02
2.26095e+05 2.96513e+02
2.26575e+05 2.96514e+02
2.27055e+05 2.96516e+02
2.27535e+05 2.96517e+02
2.28015e+05 2.96519e+02
2.28495e+05 2.96521e+02
2.28975e+05 2.96522e+02
2.29455e+05 2.96524e+02
2.29935e+05 2.96525e+02
2.30415e+05 2.96527e+02
2.30895e+05 2.96529e+02
2.31375e+05 2.96530e+02
2.31855e+05 2.96532e+02
2.32335e+05 2.96533e+02
2.32816e+05 2.96535e+02
2.33296e+05 2.96536e+02
2.33776e+05 2.96538e+02
2.34256e+05 2.96539e+02
2.34736e+05 2.96540e+02
2.35216e+05 2.96542e+02
2.35696e+05 2.96543e+02
2.36176e+05 2.96545e+02
2.36656e+05 2.96546e+02
2.37136e+05 2.96547e+02
2.37616e+05 2.96549e+02
2.38096e+05 2.96550e+02
2.38576e+05 2.96552e+02
2.39056e+05 2.96553e+02
2.39536e+05 2.96554e+02
2.40016e+05 2.96556e+02
2.40496e+05 2.96557e+02
2.40976e+05 2.96558e+02
2.41456e+05 2.96559e+02
2.41936e+05 2.96561e+02
2.42416e+05 2.96562e+02
2.42896e+05 2.96563e+02
2.43376e+05 2.96564e+02
2.43856e+05 2.96566e+02
2.44336e+05 2.96567e+02
2.44816e+05 2.96568e+02
2.45296e+05 2.96569e+02
2.45776e+05 2.96570e+02
2.46256e+05 2.96572e+02
2.46736e+05 2.96573e+02
2.47216e+05 2.96574e+02
2.47697e+05 2.96575e+02
2.48177e+05 2.96576e+02
2.48657e+05 2.96577e+02
2.49137e+05 2.96578e+02
2.49617e+05 2.96579e+02
2.50097e+05 2.96581e+02
2.50577e+05 2.96582e+02
2.51057e+05 2.96583e+02
2.51537e+05 2.96584e+02
2.52017e+05 2.96585e+02
2.52497e+05 2.96586e+02
2.52977e+05 2.96587e+02
2.53457e+05 2.96588e+02
2.53937e+05 2.96589e+02
2.54417e+05 2.96590e+02
2.54897e+05 2.96591e+02
2.55377e+05 2.96592e+02
2.55857e+05 2.96593e+02
2.56337e+05 2.96594e+02
2.56817e+05 2.96595e+02
2.57297e+05 2.96596e+02
2.57777e+05 2.96597e+02
2.58257e+05 2.96598e+02
2.58737e+05 2.96599e+02
2.59217e+05 2.96600e+02
2.59697e+05 2.96600e+02
2.60177e+05 2.96601e+02
2.60657e+05 2.96602e+02
2.61137e+05 2.96603e+02
2.61617e+05 2.96604e+02
2.62097e+05 2.96605e+02
2.62578e+05 2.96606e+02
2.63058e+05 2.96607e+02
2.63538e+05 2.96608e+02
2.64018e+05 2.96608e+02
2.64498e+05 2.96609e+02
2.64978e+05 2.96610e+02
2.65458e+05 2.96611e+02
2.65938e+05 2.96612e+02
2.66418e+05 2.96613e+02
2.66898e+05 2.96613e+02
2.67378e+05 2.96614e+02
2.67858e+05 2.96615e+02
2.68338e+05 2.96616e+02
2.68818e+05 2.96616e+02
2.69298e+05 2.96617e+02
2.69778e+05 2.96618e+02
2.70258e+05 2.96619e+02
2.70738e+05 2.96620e+02
2.71218e+05 2.96620e+02
2.71698e+05 2.96621e+02
2.72178e+05 2.96622e+02
2.72658e+05 2.96622e+02
2.73138e+05 2.96623e+02
2.73618e+05 2.96624e+02
2.74098e+05 2.96625e+02
2.74578e+05 2.96625e+02
2.75058e+05 2.96626e+02
2.75538e+05 2.96627e+02
2.76018e+05 2.96627e+02
2.76498e+05 2.96628e+02
2.76978e+05 2.96629e+02
2.77458e+05 2.96629e+02
2.77939e+05 2.96630e+02
2.78419e+05 2.96631e+02
2.78899e+05 2.96631e+02
2.79379e+05 2.96632e+02
2.79859e+05 2.96633e+02
2.80339e+05 2.96633e+02
2.80819e+05 2.96634e+02
2.81299e+05 2.96634e+02
2.81779e+05 2.96635e+02
2.82259e+05 2.96636e+02
2.82739e+05 2.96636e+02
2.83219e+05 2.96637e+02
2.83699e+05 2.96638e+02
2.84179e+05 2.96638e+02
2.84659e+05 2.96639e+02
2.85139e+05 2.96639e+02
2.85619e+05 2.96640e+02
2.86099e+05 2.96640e+02
2.86579e+05 2.96641e+02
2.87059e+05 2.96642e+02
2.87539e+05 2.96642e+02
