# --------------------------------------------------
#      SOLUTION
# 
# --------------------------------------------------
# 
# |time|node 0|...|node n|
# 
0.00000e+00 1.01720e+05
3.33356e+01 1.01739e+05
6.66711e+01 1.01781e+05
1.00007e+02 1.01832e+05
1.33342e+02 1.01888e+05
1.66678e+02 1.01946e+05
2.00013e+02 1.02004e+05
2.33349e+02 1.02062e+05
2.66684e+02 1.02119e+05
3.00020e+02 1.02176e+05
3.33356e+02 1.02232e+05
3.66691e+02 1.02288e+05
4.00027e+02 1.02343e+05
4.33362e+02 1.02398e+05
4.66698e+02 1.02451e+05
5.00033e+02 1.02505e+05
5.33369e+02 1.02558e+05
5.66704e+02 1.02610e+05
6.00040e+02 1.02661e+05
6.33376e+02 1.02712e+05
6.66711e+02 1.02763e+05
7.00047e+02 1.02813e+05
7.33382e+02 1.02862e+05
7.66718e+02 1.02911e+05
8.00053e+02 1.02959e+05
8.33389e+02 1.03007e+05
8.66724e+02 1.03054e+05
9.00060e+02 1.03101e+05
9.33396e+02 1.03147e+05
9.66731e+02 1.03193e+05
1.00007e+03 1.03238e+05
1.03340e+03 1.03282e+05
1.06674e+03 1.03327e+05
1.10007e+03 1.03370e+05
1.13341e+03 1.03413e+05
1.16674e+03 1.03456e+05
1.20008e+03 1.03498e+05
1.23342e+03 1.03540e+05
1.26675e+03 1.03581e+05
1.30009e+03 1.03622e+05
1.33342e+03 1.03662e+05
1.36676e+03 1.03702e+05
1.40009e+03 1.03741e+05
1.43343e+03 1.03780e+05
1.46676e+03 1.03818e+05
1.50010e+03 1.03857e+05
1.53344e+03 1.03894e+05
1.56677e+03 1.03931e+05
1.60011e+03 1.03968e+05
1.63344e+03 1.04004e+05
1.66678e+03 1.04040e+05
1.70011e+03 1.04076e+05
1.73345e+03 1.04111e+05
1.76678e+03 1.04145e+05
1.80012e+03 1.04180e+05
1.83346e+03 1.04213e+05
1.86679e+03 1.04247e+05
1.90013e+03 1.04280e+05
1.93346e+03 1.04313e+05
1.96680e+03 1.04345e+05
2.00013e+03 1.04377e+05
2.03347e+03 1.04409e+05
2.06680e+03 1.04440e+05
2.10014e+03 1.04471e+05
2.13348e+03 1.04501e+05
2.16681e+03 1.04531e+05
2.20015e+03 1.04561e+05
2.23348e+03 1.04590e+05
2.26682e+03 1.04619e+05
2.30015e+03 1.04648e+05
2.33349e+03 1.04677e+05
2.36682e+03 1.04705e+05
2.40016e+03 1.04732e+05
2.43350e+03 1.04760e+05
2.46683e+03 1.04787e+05
2.50017e+03 1.04814e+05
2.53350e+03 1.04840e+05
2.56684e+03 1.04866e+05
2.60017e+03 1.04892e+05
2.63351e+03 1.04918e+05
2.66684e+03 1.04943e+05
2.70018e+03 1.04968e+05
2.73352e+03 1.04993e+05
2.76685e+03 1.05017e+05
2.80019e+03 1.05041e+05
2.83352e+03 1.05065e+05
2.86686e+03 1.05088e+05
2.90019e+03 1.05112e+05
2.93353e+03 1.05135e+05
2.96686e+03 1.05157e+05
3.00020e+03 1.05180e+05
3.03354e+03 1.05202e+05
3.06687e+03 1.05224e+05
3.10021e+03 1.05245e+05
3.13354e+03 1.05267e+05
3.16688e+03 1.05288e+05
3.20021e+03 1.05309e+05
3.23355e+03 1.05329e+05
3.26688e+03 1.05350e+05
3.30022e+03 1.05370e+05
3.33356e+03 1.05390e+05
3.36689e+03 1.05409e+05
3.40023e+03 1.05429e+05
3.43356e+03 1.05448e+05
3.46690e+03 1.05467e+05
3.50023e+03 1.05486e+05
3.53357e+03 1.05504e+05
3.56690e+03 1.05523e+05
3.60024e+03 1.05541e+05
3.63358e+03 1.05558e+05
3.66691e+03 1.05576e+05
3.70025e+03 1.05594e+05
3.73358e+03 1.05611e+05
3.76692e+03 1.05628e+05
3.80025e+03 1.05645e+05
3.83359e+03 1.05661e+05
3.86692e+03 1.05678e+05
3.90026e+03 1.05694e+05
3.93360e+03 1.05710e+05
3.96693e+03 1.05726e+05
4.00027e+03 1.05741e+05
4.03360e+03 1.05757e+05
4.06694e+03 1.05772e+05
4.10027e+03 1.05787e+05
4.13361e+03 1.05802e+05
4.16694e+03 1.05817e+05
4.20028e+03 1.05831e+05
4.23362e+03 1.05846e+05
4.26695e+03 1.05860e+05
4.30029e+03 1.05874e+05
4.33362e+03 1.05888e+05
4.36696e+03 1.05902e+05
4.40029e+03 1.05915e+05
4.43363e+03 1.05929e+05
4.46696e+03 1.05942e+05
4.50030e+03 1.05955e+05
4.53364e+03 1.05968e+05
4.56697e+03 1.05980e+05
4.60031e+03 1.05993e+05
4.63364e+03 1.06006e+05
4.66698e+03 1.06018e+05
4.70031e+03 1.06030e+05
4.73365e+03 1.06042e+05
4.76698e+03 1.06054e+05
4.80032e+03 1.06066e+05
4.83366e+03 1.06077e+05
4.86699e+03 1.06089e+05
4.90033e+03 1.06100e+05
4.93366e+03 1.06111e+05
4.96700e+03 1.06122e+05
5.00033e+03 1.06133e+05
5.03367e+03 1.06144e+05
5.06700e+03 1.06154e+05
5.10034e+03 1.06165e+05
5.13368e+03 1.06175e+05
5.16701e+03 1.06185e+05
5.20035e+03 1.06196e+05
5.23368e+03 1.06206e+05
5.26702e+03 1.06215e+05
5.30035e+03 1.06225e+05
5.33369e+03 1.06235e+05
5.36702e+03 1.06244e+05
5.40036e+03 1.06254e+05
5.43370e+03 1.06263e+05
5.46703e+03 1.06272e+05
5.50037e+03 1.06281e+05
5.53370e+03 1.06290e+05
5.56704e+03 1.06299e+05
5.60037e+03 1.06308e+05
5.63371e+03 1.06317e+05
5.66704e+03 1.06325e+05
5.70038e+03 1.06334e+05
5.73372e+03 1.06342e+05
5.76705e+03 1.06350e+05
5.80039e+03 1.06358e+05
5.83372e+03 1.06366e+05
5.86706e+03 1.06374e+05
5.90039e+03 1.06382e+05
5.93373e+03 1.06390e+05
5.96706e+03 1.06397e+05
6.00040e+03 1.06405e+05
6.03374e+03 1.06413e+05
6.06707e+03 1.06420e+05
6.10041e+03 1.06427e+05
6.13374e+03 1.06434e+05
6.16708e+03 1.06442e+05
6.20041e+03 1.06449e+05
6.23375e+03 1.06455e+05
6.26708e+03 1.06462e+05
6.30042e+03 1.06469e+05
6.33376e+03 1.06476e+05
6.36709e+03 1.06482e+05
6.40043e+03 1.06489e+05
6.43376e+03 1.06495e+05
6.46710e+03 1.06502e+05
6.50043e+03 1.06508e+05
6.53377e+03 1.06514e+05
6.56710e+03 1.06520e+05
6.60044e+03 1.06527e+05
6.63378e+03 1.06533e+05
6.66711e+03 1.06538e+05
6.70045e+03 1.06544e+05
6.73378e+03 1.06550e+05
6.76712e+03 1.06556e+05
6.80045e+03 1.06561e+05
6.83379e+03 1.06567e+05
6.86712e+03 1.06573e+05
6.90046e+03 1.06578e+05
6.93380e+03 1.06583e+05
6.96713e+03 1.06589e+05
7.00047e+03 1.06594e+05
7.03380e+03 1.06599e+05
7.06714e+03 1.06604e+05
7.10047e+03 1.06609e+05
7.13381e+03 1.06614e+05
7.16714e+03 1.06619e+05
7.20048e+03 1.06624e+05
7.23382e+03 1.06629e+05
7.26715e+03 1.06634e+05
7.30049e+03 1.06638e+05
7.33382e+03 1.06643e+05
7.36716e+03 1.06648e+05
7.40049e+03 1.06652e+05
7.43383e+03 1.06657e+05
7.46716e+03 1.06661e+05
7.50050e+03 1.06665e+05
7.53384e+03 1.06670e+05
7.56717e+03 1.06674e+05
7.60051e+03 1.06678e+05
7.63384e+03 1.06682e+05
7.66718e+03 1.06686e+05
7.70051e+03 1.06691e+05
7.73385e+03 1.06695e+05
7.76718e+03 1.06698e+05
7.80052e+03 1.06702e+05
7.83386e+03 1.06706e+05
7.86719e+03 1.06710e+05
7.90053e+03 1.06714e+05
7.93386e+03 1.06718e+05
7.96720e+03 1.06721e+05
8.00053e+03 1.06725e+05
8.03387e+03 1.06728e+05
8.06720e+03 1.06732e+05
8.10054e+03 1.06736e+05
8.13388e+03 1.06739e+05
8.16721e+03 1.06742e+05
8.20055e+03 1.06746e+05
8.23388e+03 1.06749e+05
8.26722e+03 1.06752e+05
8.30055e+03 1.06756e+05
8.33389e+03 1.06759e+05
8.36722e+03 1.06762e+05
8.40056e+03 1.06765e+05
8.43390e+03 1.06768e+05
8.46723e+03 1.06771e+05
8.50057e+03 1.06774e+05
8.53390e+03 1.06777e+05
8.56724e+03 1.06780e+05
8.60057e+03 1.06783e+05
8.63391e+03 1.06786e+05
8.66724e+03 1.06789e+05
8.70058e+03 1.06792e+05
8.73392e+03 1.06795e+05
8.76725e+03 1.06797e+05
8.80059e+03 1.06800e+05
8.83392e+03 1.06803e+05
8.86726e+03 1.06805e+05
8.90059e+03 1.06808e+05
8.93393e+03 1.06811e+05
8.96726e+03 1.06813e+05
9.00060e+03 1.06816e+05
9.03394e+03 1.06818e+05
9.06727e+03 1.06821e+05
9.10061e+03 1.06823e+05
9.13394e+03 1.06825e+05
9.16728e+03 1.06828e+05
9.20061e+03 1.06830e+05
9.23395e+03 1.06832e+05
9.26728e+03 1.06835e+05
9.30062e+03 1.06837e+05
9.33396e+03 1.06839e+05
9.36729e+03 1.06841e+05
9.40063e+03 1.06844e+05
9.43396e+03 1.06846e+05
9.46730e+03 1.06848e+05
9.50063e+03 1.06850e+05
9.53397e+03 1.06852e+05
9.56730e+03 1.06854e+05
9.60064e+03 1.06856e+05
9.63398e+03 1.06858e+05
9.66731e+03 1.06860e+05
9.70065e+03 1.06862e+05
9.73398e+03 1.06864e+05
9.76732e+03 1.06866e+05
9.80065e+03 1.06868e+05
9.83399e+03 1.06870e+05
9.86732e+03 1.06871e+05
9.90066e+03 1.06873e+05
9.93400e+03 1.06875e+05
9.96733e+03 1.06877e+05
1.00007e+04 1.06879e+05
1.00340e+04 1.06880e+05
1.00673e+04 1.06882e+05
1.01007e+04 1.06884e+05
1.01340e+04 1.06885e+05
1.01673e+04 1.06887e+05
1.02007e+04 1.06889e+05
1.02340e+04 1.06890e+05
1.02674e+04 1.06892e+05
1.03007e+04 1.06893e+05
1.03340e+04 1.06895e+05
1.03674e+04 1.06896e+05
1.04007e+04 1.06898e+05
1.04340e+04 1.06899e+05
1.04674e+04 1.06901e+05
1.05007e+04 1.06902e+05
1.05340e+04 1.06904e+05
1.05674e+04 1.06905e+05
1.06007e+04 1.06907e+05
1.06340e+04 1.06908e+05
1.06674e+04 1.06909e+05
1.07007e+04 1.06911e+05
1.07340e+04 1.06912e+05
1.07674e+04 1.06913e+05
1.08007e+04 1.06915e+05
1.08341e+04 1.06916e+05
1.08674e+04 1.06917e+05
1.09007e+04 1.06918e+05
1.09341e+04 1.06920e+05
1.09674e+04 1.06921e+05
1.10007e+04 1.06922e+05
1.10341e+04 1.06923e+05
1.10674e+04 1.06924e+05
1.11007e+04 1.06926e+05
1.11341e+04 1.06927e+05
1.11674e+04 1.06928e+05
1.12007e+04 1.06929e+05
1.12341e+04 1.06930e+05
1.12674e+04 1.06931e+05
1.13008e+04 1.06932e+05
1.13341e+04 1.06933e+05
1.13674e+04 1.06934e+05
1.14008e+04 1.06935e+05
1.14341e+04 1.06937e+05
1.14674e+04 1.06938e+05
1.15008e+04 1.06939e+05
1.15341e+04 1.06940e+05
1.15674e+04 1.06941e+05
1.16008e+04 1.06941e+05
1.16341e+04 1.06942e+05
1.16674e+04 1.06943e+05
1.17008e+04 1.06944e+05
1.17341e+04 1.06945e+05
1.17675e+04 1.06946e+05
1.18008e+04 1.06947e+05
1.18341e+04 1.06948e+05
1.18675e+04 1.06949e+05
1.19008e+04 1.06950e+05
1.19341e+04 1.06951e+05
1.19675e+04 1.06951e+05
1.20008e+04 1.06952e+05
1.20341e+04 1.06953e+05
1.20675e+04 1.06954e+05
1.21008e+04 1.06955e+05
1.21341e+04 1.06955e+05
1.21675e+04 1.06956e+05
1.22008e+04 1.06957e+05
1.22341e+04 1.06958e+05
1.22675e+04 1.06959e+05
1.23008e+04 1.06959e+05
1.23342e+04 1.06960e+05
1.23675e+04 1.06961e+05
1.24008e+04 1.06962e+05
1.24342e+04 1.06962e+05
1.24675e+04 1.06963e+05
1.25008e+04 1.06964e+05
1.25342e+04 1.06964e+05
1.25675e+04 1.06965e+05
1.26008e+04 1.06966e+05
1.26342e+04 1.06966e+05
1.26675e+04 1.06967e+05
1.27008e+04 1.06968e+05
1.27342e+04 1.06968e+05
1.27675e+04 1.06969e+05
1.28009e+04 1.06970e+05
1.28342e+04 1.06970e+05
1.28675e+04 1.06971e+05
1.29009e+04 1.06971e+05
1.29342e+04 1.06972e+05
1.29675e+04 1.06973e+05
1.30009e+04 1.06973e+05
1.30342e+04 1.06974e+05
1.30675e+04 1.06974e+05
1.31009e+04 1.06975e+05
1.31342e+04 1.06975e+05
1.31675e+04 1.06976e+05
1.32009e+04 1.06976e+05
1.32342e+04 1.06977e+05
1.32676e+04 1.06978e+05
1.33009e+04 1.06978e+05
1.33342e+04 1.06979e+05
1.33676e+04 1.06979e+05
1.34009e+04 1.06980e+05
1.34342e+04 1.06980e+05
1.34676e+04 1.06981e+05
1.35009e+04 1.06981e+05
1.35342e+04 1.06981e+05
1.35676e+04 1.06982e+05
1.36009e+04 1.06982e+05
1.36342e+04 1.06983e+05
1.36676e+04 1.06983e+05
1.37009e+04 1.06984e+05
1.37342e+04 1.06984e+05
1.37676e+04 1.06985e+05
1.38009e+04 1.06985e+05
1.38343e+04 1.06986e+05
1.38676e+04 1.06986e+05
1.39009e+04 1.06986e+05
1.39343e+04 1.06987e+05
1.39676e+04 1.06987e+05
1.40009e+04 1.06988e+05
1.40343e+04 1.06988e+05
1.40676e+04 1.06988e+05
1.41009e+04 1.06989e+05
1.41343e+04 1.06989e+05
1.41676e+04 1.06990e+05
1.42009e+04 1.06990e+05
1.42343e+04 1.06990e+05
1.42676e+04 1.06991e+05
1.43010e+04 1.06991e+05
1.43343e+04 1.06991e+05
1.43676e+04 1.06992e+05
1.44010e+04 1.06992e+05
1.44343e+04 1.06992e+05
1.44676e+04 1.06993e+05
1.45010e+04 1.06993e+05
1.45343e+04 1.06993e+05
1.45676e+04 1.06994e+05
1.46010e+04 1.06994e+05
1.46343e+04 1.06994e+05
1.46676e+04 1.06995e+05
1.47010e+04 1.06995e+05
1.47343e+04 1.06995e+05
1.47677e+04 1.06996e+05
1.48010e+04 1.06996e+05
1.48343e+04 1.06996e+05
1.48677e+04 1.06996e+05
1.49010e+04 1.06997e+05
1.49343e+04 1.06997e+05
1.49677e+04 1.06997e+05
1.50010e+04 1.06998e+05
1.50343e+04 1.06998e+05
1.50677e+04 1.06998e+05
1.51010e+04 1.06998e+05
1.51343e+04 1.06999e+05
1.51677e+04 1.06999e+05
1.52010e+04 1.06999e+05
1.52343e+04 1.06999e+05
1.52677e+04 1.07000e+05
1.53010e+04 1.07000e+05
1.53344e+04 1.07000e+05
1.53677e+04 1.07000e+05
1.54010e+04 1.07001e+05
1.54344e+04 1.07001e+05
1.54677e+04 1.07001e+05
1.55010e+04 1.07001e+05
1.55344e+04 1.07002e+05
1.55677e+04 1.07002e+05
1.56010e+04 1.07002e+05
1.56344e+04 1.07002e+05
1.56677e+04 1.07002e+05
1.57010e+04 1.07003e+05
1.57344e+04 1.07003e+05
1.57677e+04 1.07003e+05
1.58011e+04 1.07003e+05
1.58344e+04 1.07004e+05
1.58677e+04 1.07004e+05
1.59011e+04 1.07004e+05
1.59344e+04 1.07004e+05
1.59677e+04 1.07004e+05
1.60011e+04 1.07005e+05
1.60344e+04 1.07005e+05
1.60677e+04 1.07005e+05
1.61011e+04 1.07005e+05
1.61344e+04 1.07005e+05
1.61677e+04 1.07005e+05
1.62011e+04 1.07006e+05
1.62344e+04 1.07006e+05
1.62678e+04 1.07006e+05
1.63011e+04 1.07006e+05
1.63344e+04 1.07006e+05
1.63678e+04 1.07006e+05
1.64011e+04 1.07007e+05
1.64344e+04 1.07007e+05
1.64678e+04 1.07007e+05
1.65011e+04 1.07007e+05
1.65344e+04 1.07007e+05
1.65678e+04 1.07007e+05
1.66011e+04 1.07008e+05
1.66344e+04 1.07008e+05
1.66678e+04 1.07008e+05
1.67011e+04 1.07008e+05
1.67344e+04 1.07008e+05
1.67678e+04 1.07008e+05
1.68011e+04 1.07008e+05
1.68345e+04 1.07009e+05
1.68678e+04 1.07009e+05
1.69011e+04 1.07009e+05
1.69345e+04 1.07009e+05
1.69678e+04 1.07009e+05
1.70011e+04 1.07009e+05
1.70345e+04 1.07009e+05
1.70678e+04 1.07010e+05
1.71011e+04 1.07010e+05
1.71345e+04 1.07010e+05
1.71678e+04 1.07010e+05
1.72011e+04 1.07010e+05
1.72345e+04 1.07010e+05
1.72678e+04 1.07010e+05
1.73012e+04 1.07010e+05
1.73345e+04 1.07011e+05
1.73678e+04 1.07011e+05
1.74012e+04 1.07011e+05
1.74345e+04 1.07011e+05
1.74678e+04 1.07011e+05
1.75012e+04 1.07011e+05
1.75345e+04 1.07011e+05
1.75678e+04 1.07011e+05
1.76012e+04 1.07011e+05
1.76345e+04 1.07012e+05
1.76678e+04 1.07012e+05
1.77012e+04 1.07012e+05
1.77345e+04 1.07012e+05
1.77679e+04 1.07012e+05
1.78012e+04 1.07012e+05
1.78345e+04 1.07012e+05
1.78679e+04 1.07012e+05
1.79012e+04 1.07012e+05
1.79345e+04 1.07012e+05
1.79679e+04 1.07013e+05
1.80012e+04 1.07013e+05
1.80345e+04 1.07013e+05
1.80679e+04 1.07013e+05
1.81012e+04 1.07013e+05
1.81345e+04 1.07013e+05
1.81679e+04 1.07013e+05
1.82012e+04 1.07013e+05
1.82345e+04 1.07013e+05
1.82679e+04 1.07013e+05
1.83012e+04 1.07013e+05
1.83346e+04 1.07013e+05
1.83679e+04 1.07014e+05
1.84012e+04 1.07014e+05
1.84346e+04 1.07014e+05
1.84679e+04 1.07014e+05
1.85012e+04 1.07014e+05
1.85346e+04 1.07014e+05
1.85679e+04 1.07014e+05
1.86012e+04 1.07014e+05
1.86346e+04 1.07014e+05
1.86679e+04 1.07014e+05
1.87012e+04 1.07014e+05
1.87346e+04 1.07014e+05
1.87679e+04 1.07014e+05
1.88013e+04 1.07015e+05
1.88346e+04 1.07015e+05
1.88679e+04 1.07015e+05
1.89013e+04 1.07015e+05
1.89346e+04 1.07015e+05
1.89679e+04 1.07015e+05
1.90013e+04 1.07015e+05
1.90346e+04 1.07015e+05
1.90679e+04 1.07015e+05
1.91013e+04 1.07015e+05
1.91346e+04 1.07015e+05
1.91679e+04 1.07015e+05
1.92013e+04 1.07015e+05
1.92346e+04 1.07015e+05
1.92680e+04 1.07015e+05
1.93013e+04 1.07015e+05
1.93346e+04 1.07016e+05
1.93680e+04 1.07016e+05
1.94013e+04 1.07016e+05
1.94346e+04 1.07016e+05
1.94680e+04 1.07016e+05
1.95013e+04 1.07016e+05
1.95346e+04 1.07016e+05
1.95680e+04 1.07016e+05
1.96013e+04 1.07016e+05
1.96346e+04 1.07016e+05
1.96680e+04 1.07016e+05
1.97013e+04 1.07016e+05
1.97346e+04 1.07016e+05
1.97680e+04 1.07016e+05
1.98013e+04 1.07016e+05
1.98347e+04 1.07016e+05
1.98680e+04 1.07016e+05
1.99013e+04 1.07016e+05
1.99347e+04 1.07016e+05
1.99680e+04 1.07016e+05
