# --------------------------------------------------
#      SOLUTION
# 
# --------------------------------------------------
# 
# |time|node 0|...|node n|
# 
0.00000e+00 2.85150e+02
3.33356e+01 2.85202e+02
6.66711e+01 2.85319e+02
1.00007e+02 2.85464e+02
1.33342e+02 2.85621e+02
1.66678e+02 2.85782e+02
2.00013e+02 2.85945e+02
2.33349e+02 2.86107e+02
2.66684e+02 2.86268e+02
3.00020e+02 2.86427e+02
3.33356e+02 2.86585e+02
3.66691e+02 2.86741e+02
4.00027e+02 2.86896e+02
4.33362e+02 2.87049e+02
4.66698e+02 2.87200e+02
5.00033e+02 2.87349e+02
5.33369e+02 2.87497e+02
5.66704e+02 2.87644e+02
6.00040e+02 2.87788e+02
6.33376e+02 2.87932e+02
6.66711e+02 2.88073e+02
7.00047e+02 2.88213e+02
7.33382e+02 2.88351e+02
7.66718e+02 2.88488e+02
8.00053e+02 2.88624e+02
8.33389e+02 2.88757e+02
8.66724e+02 2.88890e+02
9.00060e+02 2.89021e+02
9.33396e+02 2.89150e+02
9.66731e+02 2.89278e+02
1.00007e+03 2.89404e+02
1.03340e+03 2.89529e+02
1.06674e+03 2.89653e+02
1.10007e+03 2.89775e+02
1.13341e+03 2.89896e+02
1.16674e+03 2.90016e+02
1.20008e+03 2.90134e+02
1.23342e+03 2.90251e+02
1.26675e+03 2.90366e+02
1.30009e+03 2.90480e+02
1.33342e+03 2.90593e+02
1.36676e+03 2.90705e+02
1.40009e+03 2.90815e+02
1.43343e+03 2.90924e+02
1.46676e+03 2.91032e+02
1.50010e+03 2.91139e+02
1.53344e+03 2.91244e+02
1.56677e+03 2.91348e+02
1.60011e+03 2.91451e+02
1.63344e+03 2.91553e+02
1.66678e+03 2.91653e+02
1.70011e+03 2.91753e+02
1.73345e+03 2.91851e+02
1.76678e+03 2.91948e+02
1.80012e+03 2.92044e+02
1.83346e+03 2.92139e+02
1.86679e+03 2.92233e+02
1.90013e+03 2.92326e+02
1.93346e+03 2.92417e+02
1.96680e+03 2.92508e+02
2.00013e+03 2.92598e+02
2.03347e+03 2.92686e+02
2.06680e+03 2.92774e+02
2.10014e+03 2.92860e+02
2.13348e+03 2.92946e+02
2.16681e+03 2.93030e+02
2.20015e+03 2.93113e+02
2.23348e+03 2.93196e+02
2.26682e+03 2.93277e+02
2.30015e+03 2.93358e+02
2.33349e+03 2.93438e+02
2.36682e+03 2.93516e+02
2.40016e+03 2.93594e+02
2.43350e+03 2.93671e+02
2.46683e+03 2.93747e+02
2.50017e+03 2.93822e+02
2.53350e+03 2.93896e+02
2.56684e+03 2.93970e+02
2.60017e+03 2.94042e+02
2.63351e+03 2.94114e+02
2.66684e+03 2.94184e+02
2.70018e+03 2.94254e+02
2.73352e+03 2.94323e+02
2.76685e+03 2.94392e+02
2.80019e+03 2.94459e+02
2.83352e+03 2.94526e+02
2.86686e+03 2.94592e+02
2.90019e+03 2.94657e+02
2.93353e+03 2.94721e+02
2.96686e+03 2.94785e+02
3.00020e+03 2.94848e+02
3.03354e+03 2.94910e+02
3.06687e+03 2.94971e+02
3.10021e+03 2.95032e+02
3.13354e+03 2.95092e+02
3.16688e+03 2.95151e+02
3.20021e+03 2.95210e+02
3.23355e+03 2.95267e+02
3.26688e+03 2.95324e+02
3.30022e+03 2.95381e+02
3.33356e+03 2.95437e+02
3.36689e+03 2.95492e+02
3.40023e+03 2.95546e+02
3.43356e+03 2.95600e+02
3.46690e+03 2.95653e+02
3.50023e+03 2.95706e+02
3.53357e+03 2.95758e+02
3.56690e+03 2.95809e+02
3.60024e+03 2.95860e+02
3.63358e+03 2.95910e+02
3.66691e+03 2.95959e+02
3.70025e+03 2.96008e+02
3.73358e+03 2.96056e+02
3.76692e+03 2.96104e+02
3.80025e+03 2.96151e+02
3.83359e+03 2.96198e+02
3.86692e+03 2.96244e+02
3.90026e+03 2.96289e+02
3.93360e+03 2.96334e+02
3.96693e+03 2.96379e+02
4.00027e+03 2.96423e+02
4.03360e+03 2.96466e+02
4.06694e+03 2.96509e+02
4.10027e+03 2.96551e+02
4.13361e+03 2.96593e+02
4.16694e+03 2.96634e+02
4.20028e+03 2.96675e+02
4.23362e+03 2.96715e+02
4.26695e+03 2.96755e+02
4.30029e+03 2.96794e+02
4.33362e+03 2.96833e+02
4.36696e+03 2.96872e+02
4.40029e+03 2.96910e+02
4.43363e+03 2.96947e+02
4.46696e+03 2.96984e+02
4.50030e+03 2.97021e+02
4.53364e+03 2.97057e+02
4.56697e+03 2.97093e+02
4.60031e+03 2.97128e+02
4.63364e+03 2.97163e+02
4.66698e+03 2.97197e+02
4.70031e+03 2.97231e+02
4.73365e+03 2.97265e+02
4.76698e+03 2.97298e+02
4.80032e+03 2.97331e+02
4.83366e+03 2.97364e+02
4.86699e+03 2.97396e+02
4.90033e+03 2.97427e+02
4.93366e+03 2.97459e+02
4.96700e+03 2.97489e+02
5.00033e+03 2.97520e+02
5.03367e+03 2.97550e+02
5.06700e+03 2.97580e+02
5.10034e+03 2.97609e+02
5.13368e+03 2.97638e+02
5.16701e+03 2.97667e+02
5.20035e+03 2.97696e+02
5.23368e+03 2.97724e+02
5.26702e+03 2.97751e+02
5.30035e+03 2.97779e+02
5.33369e+03 2.97806e+02
5.36702e+03 2.97832e+02
5.40036e+03 2.97859e+02
5.43370e+03 2.97885e+02
5.46703e+03 2.97911e+02
5.50037e+03 2.97936e+02
5.53370e+03 2.97961e+02
5.56704e+03 2.97986e+02
5.60037e+03 2.98011e+02
5.63371e+03 2.98035e+02
5.66704e+03 2.98059e+02
5.70038e+03 2.98082e+02
5.73372e+03 2.98106e+02
5.76705e+03 2.98129e+02
5.80039e+03 2.98152e+02
5.83372e+03 2.98174e+02
5.86706e+03 2.98197e+02
5.90039e+03 2.98219e+02
5.93373e+03 2.98240e+02
5.96706e+03 2.98262e+02
6.00040e+03 2.98283e+02
6.03374e+03 2.98304e+02
6.06707e+03 2.98325e+02
6.10041e+03 2.98345e+02
6.13374e+03 2.98365e+02
6.16708e+03 2.98385e+02
6.20041e+03 2.98405e+02
6.23375e+03 2.98424e+02
6.26708e+03 2.98444e+02
6.30042e+03 2.98463e+02
6.33376e+03 2.98481e+02
6.36709e+03 2.98500e+02
6.40043e+03 2.98518e+02
6.43376e+03 2.98536e+02
6.46710e+03 2.98554e+02
6.50043e+03 2.98572e+02
6.53377e+03 2.98589e+02
6.56710e+03 2.98606e+02
6.60044e+03 2.98623e+02
6.63378e+03 2.98640e+02
6.66711e+03 2.98657e+02
6.70045e+03 2.98673e+02
6.73378e+03 2.98690e+02
6.76712e+03 2.98706e+02
6.80045e+03 2.98721e+02
6.83379e+03 2.98737e+02
6.86712e+03 2.98752e+02
6.90046e+03 2.98768e+02
6.93380e+03 2.98783e+02
6.96713e+03 2.98798e+02
7.00047e+03 2.98812e+02
7.03380e+03 2.98827e+02
7.06714e+03 2.98841e+02
7.10047e+03 2.98855e+02
7.13381e+03 2.98869e+02
7.16714e+03 2.98883e+02
7.20048e+03 2.98897e+02
7.23382e+03 2.98910e+02
7.26715e+03 2.98924e+02
7.30049e+03 2.98937e+02
7.33382e+03 2.98950e+02
7.36716e+03 2.98963e+02
7.40049e+03 2.98976e+02
7.43383e+03 2.98988e+02
7.46716e+03 2.99001e+02
7.50050e+03 2.99013e+02
7.53384e+03 2.99025e+02
7.56717e+03 2.99037e+02
7.60051e+03 2.99049e+02
7.63384e+03 2.99060e+02
7.66718e+03 2.99072e+02
7.70051e+03 2.99083e+02
7.73385e+03 2.99094e+02
7.76718e+03 2.99106e+02
7.80052e+03 2.99116e+02
7.83386e+03 2.99127e+02
7.86719e+03 2.99138e+02
7.90053e+03 2.99149e+02
7.93386e+03 2.99159e+02
7.96720e+03 2.99169e+02
8.00053e+03 2.99180e+02
8.03387e+03 2.99190e+02
8.06720e+03 2.99200e+02
8.10054e+03 2.99209e+02
8.13388e+03 2.99219e+02
8.16721e+03 2.99229e+02
8.20055e+03 2.99238e+02
8.23388e+03 2.99248e+02
8.26722e+03 2.99257e+02
8.30055e+03 2.99266e+02
8.33389e+03 2.99275e+02
8.36722e+03 2.99284e+02
8.40056e+03 2.99293e+02
8.43390e+03 2.99301e+02
8.46723e+03 2.99310e+02
8.50057e+03 2.99318e+02
8.53390e+03 2.99327e+02
8.56724e+03 2.99335e+02
8.60057e+03 2.99343e+02
8.63391e+03 2.99351e+02
8.66724e+03 2.99359e+02
8.70058e+03 2.99367e+02
8.73392e+03 2.99375e+02
8.76725e+03 2.99383e+02
8.80059e+03 2.99390e+02
8.83392e+03 2.99398e+02
8.86726e+03 2.99405e+02
8.90059e+03 2.99413e+02
8.93393e+03 2.99420e+02
8.96726e+03 2.99427e+02
9.00060e+03 2.99434e+02
9.03394e+03 2.99441e+02
9.06727e+03 2.99448e+02
9.10061e+03 2.99455e+02
9.13394e+03 2.99461e+02
9.16728e+03 2.99468e+02
9.20061e+03 2.99475e+02
9.23395e+03 2.99481e+02
9.26728e+03 2.99487e+02
9.30062e+03 2.99494e+02
9.33396e+03 2.99500e+02
9.36729e+03 2.99506e+02
9.40063e+03 2.99512e+02
9.43396e+03 2.99518e+02
9.46730e+03 2.99524e+02
9.50063e+03 2.99530e+02
9.53397e+03 2.99536e+02
9.56730e+03 2.99542e+02
9.60064e+03 2.99547e+02
9.63398e+03 2.99553e+02
9.66731e+03 2.99559e+02
9.70065e+03 2.99564e+02
9.73398e+03 2.99569e+02
9.76732e+03 2.99575e+02
9.80065e+03 2.99580e+02
9.83399e+03 2.99585e+02
9.86732e+03 2.99590e+02
9.90066e+03 2.99595e+02
9.93400e+03 2.99600e+02
9.96733e+03 2.99605e+02
1.00007e+04 2.99610e+02
1.00340e+04 2.99615e+02
1.00673e+04 2.99620e+02
1.01007e+04 2.99625e+02
1.01340e+04 2.99629e+02
1.01673e+04 2.99634e+02
1.02007e+04 2.99638e+02
1.02340e+04 2.99643e+02
1.02674e+04 2.99647e+02
1.03007e+04 2.99652e+02
1.03340e+04 2.99656e+02
1.03674e+04 2.99660e+02
1.04007e+04 2.99665e+02
1.04340e+04 2.99669e+02
1.04674e+04 2.99673e+02
1.05007e+04 2.99677e+02
1.05340e+04 2.99681e+02
1.05674e+04 2.99685e+02
1.06007e+04 2.99689e+02
1.06340e+04 2.99693e+02
1.06674e+04 2.99697e+02
1.07007e+04 2.99700e+02
1.07340e+04 2.99704e+02
1.07674e+04 2.99708e+02
1.08007e+04 2.99711e+02
1.08341e+04 2.99715e+02
1.08674e+04 2.99719e+02
1.09007e+04 2.99722e+02
1.09341e+04 2.99726e+02
1.09674e+04 2.99729e+02
1.10007e+04 2.99732e+02
1.10341e+04 2.99736e+02
1.10674e+04 2.99739e+02
1.11007e+04 2.99742e+02
1.11341e+04 2.99745e+02
1.11674e+04 2.99749e+02
1.12007e+04 2.99752e+02
1.12341e+04 2.99755e+02
1.12674e+04 2.99758e+02
1.13008e+04 2.99761e+02
1.13341e+04 2.99764e+02
1.13674e+04 2.99767e+02
1.14008e+04 2.99770e+02
1.14341e+04 2.99773e+02
1.14674e+04 2.99776e+02
1.15008e+04 2.99778e+02
1.15341e+04 2.99781e+02
1.15674e+04 2.99784e+02
1.16008e+04 2.99787e+02
1.16341e+04 2.99789e+02
1.16674e+04 2.99792e+02
1.17008e+04 2.99795e+02
1.17341e+04 2.99797e+02
1.17675e+04 2.99800e+02
1.18008e+04 2.99802e+02
1.18341e+04 2.99805e+02
1.18675e+04 2.99807e+02
1.19008e+04 2.99810e+02
1.19341e+04 2.99812e+02
1.19675e+04 2.99814e+02
1.20008e+04 2.99817e+02
1.20341e+04 2.99819e+02
1.20675e+04 2.99821e+02
1.21008e+04 2.99824e+02
1.21341e+04 2.99826e+02
1.21675e+04 2.99828e+02
1.22008e+04 2.99830e+02
1.22341e+04 2.99832e+02
1.22675e+04 2.99835e+02
1.23008e+04 2.99837e+02
1.23342e+04 2.99839e+02
1.23675e+04 2.99841e+02
1.24008e+04 2.99843e+02
1.24342e+04 2.99845e+02
1.24675e+04 2.99847e+02
1.25008e+04 2.99849e+02
1.25342e+04 2.99851e+02
1.25675e+04 2.99853e+02
1.26008e+04 2.99855e+02
1.26342e+04 2.99856e+02
1.26675e+04 2.99858e+02
1.27008e+04 2.99860e+02
1.27342e+04 2.99862e+02
1.27675e+04 2.99864e+02
1.28009e+04 2.99865e+02
1.28342e+04 2.99867e+02
1.28675e+04 2.99869e+02
1.29009e+04 2.99870e+02
1.29342e+04 2.99872e+02
1.29675e+04 2.99874e+02
1.30009e+04 2.99875e+02
1.30342e+04 2.99877e+02
1.30675e+04 2.99879e+02
1.31009e+04 2.99880e+02
1.31342e+04 2.99882e+02
1.31675e+04 2.99883e+02
1.32009e+04 2.99885e+02
1.32342e+04 2.99886e+02
1.32676e+04 2.99888e+02
1.33009e+04 2.99889e+02
1.33342e+04 2.99891e+02
1.33676e+04 2.99892e+02
1.34009e+04 2.99893e+02
1.34342e+04 2.99895e+02
1.34676e+04 2.99896e+02
1.35009e+04 2.99898e+02
1.35342e+04 2.99899e+02
1.35676e+04 2.99900e+02
1.36009e+04 2.99901e+02
1.36342e+04 2.99903e+02
1.36676e+04 2.99904e+02
1.37009e+04 2.99905e+02
1.37342e+04 2.99907e+02
1.37676e+04 2.99908e+02
1.38009e+04 2.99909e+02
1.38343e+04 2.99910e+02
1.38676e+04 2.99911e+02
1.39009e+04 2.99912e+02
1.39343e+04 2.99914e+02
1.39676e+04 2.99915e+02
1.40009e+04 2.99916e+02
1.40343e+04 2.99917e+02
1.40676e+04 2.99918e+02
1.41009e+04 2.99919e+02
1.41343e+04 2.99920e+02
1.41676e+04 2.99921e+02
1.42009e+04 2.99922e+02
1.42343e+04 2.99923e+02
1.42676e+04 2.99924e+02
1.43010e+04 2.99925e+02
1.43343e+04 2.99926e+02
1.43676e+04 2.99927e+02
1.44010e+04 2.99928e+02
1.44343e+04 2.99929e+02
1.44676e+04 2.99930e+02
1.45010e+04 2.99931e+02
1.45343e+04 2.99932e+02
1.45676e+04 2.99933e+02
1.46010e+04 2.99934e+02
1.46343e+04 2.99935e+02
1.46676e+04 2.99936e+02
1.47010e+04 2.99937e+02
1.47343e+04 2.99937e+02
1.47677e+04 2.99938e+02
1.48010e+04 2.99939e+02
1.48343e+04 2.99940e+02
1.48677e+04 2.99941e+02
1.49010e+04 2.99942e+02
1.49343e+04 2.99942e+02
1.49677e+04 2.99943e+02
1.50010e+04 2.99944e+02
1.50343e+04 2.99945e+02
1.50677e+04 2.99945e+02
1.51010e+04 2.99946e+02
1.51343e+04 2.99947e+02
1.51677e+04 2.99948e+02
1.52010e+04 2.99948e+02
1.52343e+04 2.99949e+02
1.52677e+04 2.99950e+02
1.53010e+04 2.99951e+02
1.53344e+04 2.99951e+02
1.53677e+04 2.99952e+02
1.54010e+04 2.99953e+02
1.54344e+04 2.99953e+02
1.54677e+04 2.99954e+02
1.55010e+04 2.99955e+02
1.55344e+04 2.99955e+02
1.55677e+04 2.99956e+02
1.56010e+04 2.99956e+02
1.56344e+04 2.99957e+02
1.56677e+04 2.99958e+02
1.57010e+04 2.99958e+02
1.57344e+04 2.99959e+02
1.57677e+04 2.99959e+02
1.58011e+04 2.99960e+02
1.58344e+04 2.99961e+02
1.58677e+04 2.99961e+02
1.59011e+04 2.99962e+02
1.59344e+04 2.99962e+02
1.59677e+04 2.99963e+02
1.60011e+04 2.99963e+02
1.60344e+04 2.99964e+02
1.60677e+04 2.99964e+02
1.61011e+04 2.99965e+02
1.61344e+04 2.99965e+02
1.61677e+04 2.99966e+02
1.62011e+04 2.99966e+02
1.62344e+04 2.99967e+02
1.62678e+04 2.99967e+02
1.63011e+04 2.99968e+02
1.63344e+04 2.99968e+02
1.63678e+04 2.99969e+02
1.64011e+04 2.99969e+02
1.64344e+04 2.99970e+02
1.64678e+04 2.99970e+02
1.65011e+04 2.99971e+02
1.65344e+04 2.99971e+02
1.65678e+04 2.99972e+02
1.66011e+04 2.99972e+02
1.66344e+04 2.99972e+02
1.66678e+04 2.99973e+02
1.67011e+04 2.99973e+02
1.67344e+04 2.99974e+02
1.67678e+04 2.99974e+02
1.68011e+04 2.99975e+02
1.68345e+04 2.99975e+02
1.68678e+04 2.99975e+02
1.69011e+04 2.99976e+02
1.69345e+04 2.99976e+02
1.69678e+04 2.99976e+02
1.70011e+04 2.99977e+02
1.70345e+04 2.99977e+02
1.70678e+04 2.99978e+02
1.71011e+04 2.99978e+02
1.71345e+04 2.99978e+02
1.71678e+04 2.99979e+02
1.72011e+04 2.99979e+02
1.72345e+04 2.99979e+02
1.72678e+04 2.99980e+02
1.73012e+04 2.99980e+02
1.73345e+04 2.99980e+02
1.73678e+04 2.99981e+02
1.74012e+04 2.99981e+02
1.74345e+04 2.99981e+02
1.74678e+04 2.99982e+02
1.75012e+04 2.99982e+02
1.75345e+04 2.99982e+02
1.75678e+04 2.99983e+02
1.76012e+04 2.99983e+02
1.76345e+04 2.99983e+02
1.76678e+04 2.99983e+02
1.77012e+04 2.99984e+02
1.77345e+04 2.99984e+02
1.77679e+04 2.99984e+02
1.78012e+04 2.99985e+02
1.78345e+04 2.99985e+02
1.78679e+04 2.99985e+02
1.79012e+04 2.99985e+02
1.79345e+04 2.99986e+02
1.79679e+04 2.99986e+02
1.80012e+04 2.99986e+02
1.80345e+04 2.99986e+02
1.80679e+04 2.99987e+02
1.81012e+04 2.99987e+02
1.81345e+04 2.99987e+02
1.81679e+04 2.99987e+02
1.82012e+04 2.99988e+02
1.82345e+04 2.99988e+02
1.82679e+04 2.99988e+02
1.83012e+04 2.99988e+02
1.83346e+04 2.99989e+02
1.83679e+04 2.99989e+02
1.84012e+04 2.99989e+02
1.84346e+04 2.99989e+02
1.84679e+04 2.99989e+02
1.85012e+04 2.99990e+02
1.85346e+04 2.99990e+02
1.85679e+04 2.99990e+02
1.86012e+04 2.99990e+02
1.86346e+04 2.99991e+02
1.86679e+04 2.99991e+02
1.87012e+04 2.99991e+02
1.87346e+04 2.99991e+02
1.87679e+04 2.99991e+02
1.88013e+04 2.99991e+02
1.88346e+04 2.99992e+02
1.88679e+04 2.99992e+02
1.89013e+04 2.99992e+02
1.89346e+04 2.99992e+02
1.89679e+04 2.99992e+02
1.90013e+04 2.99993e+02
1.90346e+04 2.99993e+02
1.90679e+04 2.99993e+02
1.91013e+04 2.99993e+02
1.91346e+04 2.99993e+02
1.91679e+04 2.99993e+02
1.92013e+04 2.99994e+02
1.92346e+04 2.99994e+02
1.92680e+04 2.99994e+02
1.93013e+04 2.99994e+02
1.93346e+04 2.99994e+02
1.93680e+04 2.99994e+02
1.94013e+04 2.99995e+02
1.94346e+04 2.99995e+02
1.94680e+04 2.99995e+02
1.95013e+04 2.99995e+02
1.95346e+04 2.99995e+02
1.95680e+04 2.99995e+02
1.96013e+04 2.99995e+02
1.96346e+04 2.99996e+02
1.96680e+04 2.99996e+02
1.97013e+04 2.99996e+02
1.97346e+04 2.99996e+02
1.97680e+04 2.99996e+02
1.98013e+04 2.99996e+02
1.98347e+04 2.99996e+02
1.98680e+04 2.99997e+02
1.99013e+04 2.99997e+02
1.99347e+04 2.99997e+02
1.99680e+04 2.99997e+02
