# --------------------------------------------------
#      SOLUTION
# 
# --------------------------------------------------
# 
# |time|node 0|...|node n|
# 
0.00000e+00 2.85150e+02
3.33356e+01 2.86521e+02
6.66711e+01 2.87857e+02
1.00007e+02 2.89160e+02
1.33342e+02 2.90431e+02
1.66678e+02 2.91672e+02
2.00013e+02 2.92884e+02
2.33349e+02 2.94066e+02
2.66684e+02 2.95221e+02
3.00020e+02 2.96349e+02
3.33356e+02 2.97450e+02
3.66691e+02 2.98525e+02
4.00027e+02 2.99575e+02
4.33362e+02 3.00600e+02
4.66698e+02 3.01602e+02
5.00033e+02 3.02580e+02
5.33369e+02 3.03535e+02
5.66704e+02 3.04468e+02
6.00040e+02 3.05380e+02
6.33376e+02 3.06271e+02
6.66711e+02 3.07141e+02
7.00047e+02 3.07991e+02
7.33382e+02 3.08822e+02
7.66718e+02 3.09634e+02
8.00053e+02 3.10427e+02
8.33389e+02 3.11203e+02
8.66724e+02 3.11960e+02
9.00060e+02 3.12701e+02
9.33396e+02 3.13425e+02
9.66731e+02 3.14132e+02
1.00007e+03 3.14824e+02
1.03340e+03 3.15500e+02
1.06674e+03 3.16161e+02
1.10007e+03 3.16807e+02
1.13341e+03 3.17439e+02
1.16674e+03 3.18057e+02
1.20008e+03 3.18661e+02
1.23342e+03 3.19252e+02
1.26675e+03 3.19830e+02
1.30009e+03 3.20395e+02
1.33342e+03 3.20948e+02
1.36676e+03 3.21489e+02
1.40009e+03 3.22018e+02
1.43343e+03 3.22535e+02
1.46676e+03 3.23042e+02
1.50010e+03 3.23537e+02
1.53344e+03 3.24022e+02
1.56677e+03 3.24496e+02
1.60011e+03 3.24960e+02
1.63344e+03 3.25415e+02
1.66678e+03 3.25859e+02
1.70011e+03 3.26294e+02
1.73345e+03 3.26720e+02
1.76678e+03 3.27137e+02
1.80012e+03 3.27545e+02
1.83346e+03 3.27945e+02
1.86679e+03 3.28336e+02
1.90013e+03 3.28719e+02
1.93346e+03 3.29095e+02
1.96680e+03 3.29462e+02
2.00013e+03 3.29822e+02
2.03347e+03 3.30174e+02
2.06680e+03 3.30519e+02
2.10014e+03 3.30857e+02
2.13348e+03 3.31188e+02
2.16681e+03 3.31513e+02
2.20015e+03 3.31830e+02
2.23348e+03 3.32142e+02
2.26682e+03 3.32447e+02
2.30015e+03 3.32746e+02
2.33349e+03 3.33039e+02
2.36682e+03 3.33326e+02
2.40016e+03 3.33607e+02
2.43350e+03 3.33883e+02
2.46683e+03 3.34153e+02
2.50017e+03 3.34418e+02
2.53350e+03 3.34678e+02
2.56684e+03 3.34933e+02
2.60017e+03 3.35183e+02
2.63351e+03 3.35427e+02
2.66684e+03 3.35668e+02
2.70018e+03 3.35903e+02
2.73352e+03 3.36134e+02
2.76685e+03 3.36360e+02
2.80019e+03 3.36582e+02
2.83352e+03 3.36800e+02
2.86686e+03 3.37014e+02
2.90019e+03 3.37224e+02
2.93353e+03 3.37429e+02
2.96686e+03 3.37631e+02
3.00020e+03 3.37829e+02
3.03354e+03 3.38023e+02
3.06687e+03 3.38214e+02
3.10021e+03 3.38401e+02
3.13354e+03 3.38585e+02
3.16688e+03 3.38765e+02
3.20021e+03 3.38942e+02
3.23355e+03 3.39116e+02
3.26688e+03 3.39286e+02
3.30022e+03 3.39454e+02
3.33356e+03 3.39618e+02
3.36689e+03 3.39779e+02
3.40023e+03 3.39938e+02
3.43356e+03 3.40093e+02
3.46690e+03 3.40246e+02
3.50023e+03 3.40396e+02
3.53357e+03 3.40543e+02
3.56690e+03 3.40688e+02
3.60024e+03 3.40830e+02
3.63358e+03 3.40970e+02
3.66691e+03 3.41107e+02
3.70025e+03 3.41242e+02
3.73358e+03 3.41374e+02
3.76692e+03 3.41504e+02
3.80025e+03 3.41632e+02
3.83359e+03 3.41758e+02
3.86692e+03 3.41881e+02
3.90026e+03 3.42003e+02
3.93360e+03 3.42122e+02
3.96693e+03 3.42239e+02
4.00027e+03 3.42354e+02
4.03360e+03 3.42468e+02
4.06694e+03 3.42579e+02
4.10027e+03 3.42688e+02
4.13361e+03 3.42796e+02
4.16694e+03 3.42902e+02
4.20028e+03 3.43006e+02
4.23362e+03 3.43108e+02
4.26695e+03 3.43209e+02
4.30029e+03 3.43307e+02
4.33362e+03 3.43405e+02
4.36696e+03 3.43500e+02
4.40029e+03 3.43594e+02
4.43363e+03 3.43687e+02
4.46696e+03 3.43778e+02
4.50030e+03 3.43868e+02
4.53364e+03 3.43956e+02
4.56697e+03 3.44042e+02
4.60031e+03 3.44128e+02
4.63364e+03 3.44211e+02
4.66698e+03 3.44294e+02
4.70031e+03 3.44375e+02
4.73365e+03 3.44455e+02
4.76698e+03 3.44534e+02
4.80032e+03 3.44611e+02
4.83366e+03 3.44687e+02
4.86699e+03 3.44762e+02
4.90033e+03 3.44836e+02
4.93366e+03 3.44909e+02
4.96700e+03 3.44980e+02
5.00033e+03 3.45051e+02
5.03367e+03 3.45120e+02
5.06700e+03 3.45188e+02
5.10034e+03 3.45255e+02
5.13368e+03 3.45321e+02
5.16701e+03 3.45386e+02
5.20035e+03 3.45451e+02
5.23368e+03 3.45514e+02
5.26702e+03 3.45576e+02
5.30035e+03 3.45637e+02
5.33369e+03 3.45697e+02
5.36702e+03 3.45757e+02
5.40036e+03 3.45815e+02
5.43370e+03 3.45873e+02
5.46703e+03 3.45929e+02
5.50037e+03 3.45985e+02
5.53370e+03 3.46040e+02
5.56704e+03 3.46094e+02
5.60037e+03 3.46148e+02
5.63371e+03 3.46200e+02
5.66704e+03 3.46252e+02
5.70038e+03 3.46303e+02
5.73372e+03 3.46353e+02
5.76705e+03 3.46403e+02
5.80039e+03 3.46452e+02
5.83372e+03 3.46500e+02
5.86706e+03 3.46547e+02
5.90039e+03 3.46594e+02
5.93373e+03 3.46640e+02
5.96706e+03 3.46685e+02
6.00040e+03 3.46730e+02
6.03374e+03 3.46774e+02
6.06707e+03 3.46817e+02
6.10041e+03 3.46860e+02
6.13374e+03 3.46902e+02
6.16708e+03 3.46944e+02
6.20041e+03 3.46985e+02
6.23375e+03 3.47025e+02
6.26708e+03 3.47065e+02
6.30042e+03 3.47104e+02
6.33376e+03 3.47143e+02
6.36709e+03 3.47181e+02
6.40043e+03 3.47219e+02
6.43376e+03 3.47256e+02
6.46710e+03 3.47292e+02
6.50043e+03 3.47328e+02
6.53377e+03 3.47364e+02
6.56710e+03 3.47399e+02
6.60044e+03 3.47433e+02
6.63378e+03 3.47468e+02
6.66711e+03 3.47501e+02
6.70045e+03 3.47534e+02
6.73378e+03 3.47567e+02
6.76712e+03 3.47599e+02
6.80045e+03 3.47631e+02
6.83379e+03 3.47662e+02
6.86712e+03 3.47693e+02
6.90046e+03 3.47724e+02
6.93380e+03 3.47754e+02
6.96713e+03 3.47783e+02
7.00047e+03 3.47812e+02
7.03380e+03 3.47841e+02
7.06714e+03 3.47870e+02
7.10047e+03 3.47898e+02
7.13381e+03 3.47925e+02
7.16714e+03 3.47953e+02
7.20048e+03 3.47980e+02
7.23382e+03 3.48006e+02
7.26715e+03 3.48032e+02
7.30049e+03 3.48058e+02
7.33382e+03 3.48084e+02
7.36716e+03 3.48109e+02
7.40049e+03 3.48134e+02
7.43383e+03 3.48158e+02
7.46716e+03 3.48182e+02
7.50050e+03 3.48206e+02
7.53384e+03 3.48230e+02
7.56717e+03 3.48253e+02
7.60051e+03 3.48276e+02
7.63384e+03 3.48298e+02
7.66718e+03 3.48320e+02
7.70051e+03 3.48342e+02
7.73385e+03 3.48364e+02
7.76718e+03 3.48385e+02
7.80052e+03 3.48407e+02
7.83386e+03 3.48427e+02
7.86719e+03 3.48448e+02
7.90053e+03 3.48468e+02
7.93386e+03 3.48488e+02
7.96720e+03 3.48508e+02
8.00053e+03 3.48527e+02
8.03387e+03 3.48547e+02
8.06720e+03 3.48566e+02
8.10054e+03 3.48584e+02
8.13388e+03 3.48603e+02
8.16721e+03 3.48621e+02
8.20055e+03 3.48639e+02
8.23388e+03 3.48657e+02
8.26722e+03 3.48674e+02
8.30055e+03 3.48692e+02
8.33389e+03 3.48709e+02
8.36722e+03 3.48726e+02
8.40056e+03 3.48742e+02
8.43390e+03 3.48759e+02
8.46723e+03 3.48775e+02
8.50057e+03 3.48791e+02
8.53390e+03 3.48807e+02
8.56724e+03 3.48822e+02
8.60057e+03 3.48838e+02
8.63391e+03 3.48853e+02
8.66724e+03 3.48868e+02
8.70058e+03 3.48883e+02
8.73392e+03 3.48897e+02
8.76725e+03 3.48912e+02
8.80059e+03 3.48926e+02
8.83392e+03 3.48940e+02
8.86726e+03 3.48954e+02
8.90059e+03 3.48968e+02
8.93393e+03 3.48981e+02
8.96726e+03 3.48995e+02
9.00060e+03 3.49008e+02
9.03394e+03 3.49021e+02
9.06727e+03 3.49034e+02
9.10061e+03 3.49046e+02
9.13394e+03 3.49059e+02
9.16728e+03 3.49071e+02
9.20061e+03 3.49083e+02
9.23395e+03 3.49095e+02
9.26728e+03 3.49107e+02
9.30062e+03 3.49119e+02
9.33396e+03 3.49131e+02
9.36729e+03 3.49142e+02
9.40063e+03 3.49153e+02
9.43396e+03 3.49165e+02
9.46730e+03 3.49176e+02
9.50063e+03 3.49186e+02
9.53397e+03 3.49197e+02
9.56730e+03 3.49208e+02
9.60064e+03 3.49218e+02
9.63398e+03 3.49229e+02
9.66731e+03 3.49239e+02
9.70065e+03 3.49249e+02
9.73398e+03 3.49259e+02
9.76732e+03 3.49269e+02
9.80065e+03 3.49278e+02
9.83399e+03 3.49288e+02
9.86732e+03 3.49297e+02
9.90066e+03 3.49307e+02
9.93400e+03 3.49316e+02
9.96733e+03 3.49325e+02
1.00007e+04 3.49334e+02
1.00340e+04 3.49343e+02
1.00673e+04 3.49352e+02
1.01007e+04 3.49360e+02
1.01340e+04 3.49369e+02
1.01673e+04 3.49377e+02
1.02007e+04 3.49386e+02
1.02340e+04 3.49394e+02
1.02674e+04 3.49402e+02
1.03007e+04 3.49410e+02
1.03340e+04 3.49418e+02
1.03674e+04 3.49426e+02
1.04007e+04 3.49433e+02
1.04340e+04 3.49441e+02
1.04674e+04 3.49449e+02
1.05007e+04 3.49456e+02
1.05340e+04 3.49463e+02
1.05674e+04 3.49471e+02
1.06007e+04 3.49478e+02
1.06340e+04 3.49485e+02
1.06674e+04 3.49492e+02
1.07007e+04 3.49499e+02
1.07340e+04 3.49506e+02
1.07674e+04 3.49512e+02
1.08007e+04 3.49519e+02
1.08341e+04 3.49525e+02
1.08674e+04 3.49532e+02
1.09007e+04 3.49538e+02
1.09341e+04 3.49545e+02
1.09674e+04 3.49551e+02
1.10007e+04 3.49557e+02
1.10341e+04 3.49563e+02
1.10674e+04 3.49569e+02
1.11007e+04 3.49575e+02
1.11341e+04 3.49581e+02
1.11674e+04 3.49587e+02
1.12007e+04 3.49592e+02
1.12341e+04 3.49598e+02
1.12674e+04 3.49604e+02
1.13008e+04 3.49609e+02
1.13341e+04 3.49615e+02
1.13674e+04 3.49620e+02
1.14008e+04 3.49625e+02
1.14341e+04 3.49631e+02
1.14674e+04 3.49636e+02
1.15008e+04 3.49641e+02
1.15341e+04 3.49646e+02
1.15674e+04 3.49651e+02
1.16008e+04 3.49656e+02
1.16341e+04 3.49661e+02
1.16674e+04 3.49665e+02
1.17008e+04 3.49670e+02
1.17341e+04 3.49675e+02
1.17675e+04 3.49680e+02
1.18008e+04 3.49684e+02
1.18341e+04 3.49689e+02
1.18675e+04 3.49693e+02
1.19008e+04 3.49697e+02
1.19341e+04 3.49702e+02
1.19675e+04 3.49706e+02
1.20008e+04 3.49710e+02
1.20341e+04 3.49715e+02
1.20675e+04 3.49719e+02
1.21008e+04 3.49723e+02
1.21341e+04 3.49727e+02
1.21675e+04 3.49731e+02
1.22008e+04 3.49735e+02
1.22341e+04 3.49739e+02
1.22675e+04 3.49742e+02
1.23008e+04 3.49746e+02
1.23342e+04 3.49750e+02
1.23675e+04 3.49754e+02
1.24008e+04 3.49757e+02
1.24342e+04 3.49761e+02
1.24675e+04 3.49765e+02
1.25008e+04 3.49768e+02
1.25342e+04 3.49772e+02
1.25675e+04 3.49775e+02
1.26008e+04 3.49778e+02
1.26342e+04 3.49782e+02
1.26675e+04 3.49785e+02
1.27008e+04 3.49788e+02
1.27342e+04 3.49792e+02
1.27675e+04 3.49795e+02
1.28009e+04 3.49798e+02
1.28342e+04 3.49801e+02
1.28675e+04 3.49804e+02
1.29009e+04 3.49807e+02
1.29342e+04 3.49810e+02
1.29675e+04 3.49813e+02
1.30009e+04 3.49816e+02
1.30342e+04 3.49819e+02
1.30675e+04 3.49822e+02
1.31009e+04 3.49825e+02
1.31342e+04 3.49827e+02
1.31675e+04 3.49830e+02
1.32009e+04 3.49833e+02
1.32342e+04 3.49836e+02
1.32676e+04 3.49838e+02
1.33009e+04 3.49841e+02
1.33342e+04 3.49843e+02
1.33676e+04 3.49846e+02
1.34009e+04 3.49848e+02
1.34342e+04 3.49851e+02
1.34676e+04 3.49853e+02
1.35009e+04 3.49856e+02
1.35342e+04 3.49858e+02
1.35676e+04 3.49861e+02
1.36009e+04 3.49863e+02
1.36342e+04 3.49865e+02
1.36676e+04 3.49868e+02
1.37009e+04 3.49870e+02
1.37342e+04 3.49872e+02
1.37676e+04 3.49874e+02
1.38009e+04 3.49876e+02
1.38343e+04 3.49879e+02
1.38676e+04 3.49881e+02
1.39009e+04 3.49883e+02
1.39343e+04 3.49885e+02
1.39676e+04 3.49887e+02
1.40009e+04 3.49889e+02
1.40343e+04 3.49891e+02
1.40676e+04 3.49893e+02
1.41009e+04 3.49895e+02
1.41343e+04 3.49897e+02
1.41676e+04 3.49899e+02
1.42009e+04 3.49901e+02
1.42343e+04 3.49902e+02
1.42676e+04 3.49904e+02
1.43010e+04 3.49906e+02
1.43343e+04 3.49908e+02
1.43676e+04 3.49910e+02
1.44010e+04 3.49911e+02
1.44343e+04 3.49913e+02
1.44676e+04 3.49915e+02
1.45010e+04 3.49916e+02
1.45343e+04 3.49918e+02
1.45676e+04 3.49920e+02
1.46010e+04 3.49921e+02
1.46343e+04 3.49923e+02
1.46676e+04 3.49925e+02
1.47010e+04 3.49926e+02
1.47343e+04 3.49928e+02
1.47677e+04 3.49929e+02
1.48010e+04 3.49931e+02
1.48343e+04 3.49932e+02
1.48677e+04 3.49934e+02
1.49010e+04 3.49935e+02
1.49343e+04 3.49937e+02
1.49677e+04 3.49938e+02
1.50010e+04 3.49939e+02
1.50343e+04 3.49941e+02
1.50677e+04 3.49942e+02
1.51010e+04 3.49943e+02
1.51343e+04 3.49945e+02
1.51677e+04 3.49946e+02
1.52010e+04 3.49947e+02
1.52343e+04 3.49949e+02
1.52677e+04 3.49950e+02
1.53010e+04 3.49951e+02
1.53344e+04 3.49952e+02
1.53677e+04 3.49954e+02
1.54010e+04 3.49955e+02
1.54344e+04 3.49956e+02
1.54677e+04 3.49957e+02
1.55010e+04 3.49958e+02
1.55344e+04 3.49959e+02
1.55677e+04 3.49961e+02
1.56010e+04 3.49962e+02
1.56344e+04 3.49963e+02
1.56677e+04 3.49964e+02
1.57010e+04 3.49965e+02
1.57344e+04 3.49966e+02
1.57677e+04 3.49967e+02
1.58011e+04 3.49968e+02
1.58344e+04 3.49969e+02
1.58677e+04 3.49970e+02
1.59011e+04 3.49971e+02
1.59344e+04 3.49972e+02
1.59677e+04 3.49973e+02
1.60011e+04 3.49974e+02
1.60344e+04 3.49975e+02
1.60677e+04 3.49976e+02
1.61011e+04 3.49977e+02
1.61344e+04 3.49978e+02
1.61677e+04 3.49979e+02
1.62011e+04 3.49980e+02
1.62344e+04 3.49981e+02
1.62678e+04 3.49981e+02
1.63011e+04 3.49982e+02
1.63344e+04 3.49983e+02
1.63678e+04 3.49984e+02
1.64011e+04 3.49985e+02
1.64344e+04 3.49986e+02
1.64678e+04 3.49987e+02
1.65011e+04 3.49987e+02
1.65344e+04 3.49988e+02
1.65678e+04 3.49989e+02
1.66011e+04 3.49990e+02
1.66344e+04 3.49990e+02
1.66678e+04 3.49991e+02
1.67011e+04 3.49992e+02
1.67344e+04 3.49993e+02
1.67678e+04 3.49993e+02
1.68011e+04 3.49994e+02
1.68345e+04 3.49995e+02
1.68678e+04 3.49996e+02
1.69011e+04 3.49996e+02
1.69345e+04 3.49997e+02
1.69678e+04 3.49998e+02
1.70011e+04 3.49998e+02
1.70345e+04 3.49999e+02
1.70678e+04 3.50000e+02
1.71011e+04 3.50000e+02
1.71345e+04 3.50001e+02
1.71678e+04 3.50002e+02
1.72011e+04 3.50002e+02
1.72345e+04 3.50003e+02
1.72678e+04 3.50003e+02
1.73012e+04 3.50004e+02
1.73345e+04 3.50005e+02
1.73678e+04 3.50005e+02
1.74012e+04 3.50006e+02
1.74345e+04 3.50006e+02
1.74678e+04 3.50007e+02
1.75012e+04 3.50007e+02
1.75345e+04 3.50008e+02
1.75678e+04 3.50008e+02
1.76012e+04 3.50009e+02
1.76345e+04 3.50010e+02
1.76678e+04 3.50010e+02
1.77012e+04 3.50011e+02
1.77345e+04 3.50011e+02
1.77679e+04 3.50012e+02
1.78012e+04 3.50012e+02
1.78345e+04 3.50013e+02
1.78679e+04 3.50013e+02
1.79012e+04 3.50014e+02
1.79345e+04 3.50014e+02
1.79679e+04 3.50015e+02
1.80012e+04 3.50015e+02
1.80345e+04 3.50015e+02
1.80679e+04 3.50016e+02
1.81012e+04 3.50016e+02
1.81345e+04 3.50017e+02
1.81679e+04 3.50017e+02
1.82012e+04 3.50018e+02
1.82345e+04 3.50018e+02
1.82679e+04 3.50018e+02
1.83012e+04 3.50019e+02
1.83346e+04 3.50019e+02
1.83679e+04 3.50020e+02
1.84012e+04 3.50020e+02
1.84346e+04 3.50021e+02
1.84679e+04 3.50021e+02
1.85012e+04 3.50021e+02
1.85346e+04 3.50022e+02
1.85679e+04 3.50022e+02
1.86012e+04 3.50022e+02
1.86346e+04 3.50023e+02
1.86679e+04 3.50023e+02
1.87012e+04 3.50024e+02
1.87346e+04 3.50024e+02
1.87679e+04 3.50024e+02
1.88013e+04 3.50025e+02
1.88346e+04 3.50025e+02
1.88679e+04 3.50025e+02
1.89013e+04 3.50026e+02
1.89346e+04 3.50026e+02
1.89679e+04 3.50026e+02
1.90013e+04 3.50027e+02
1.90346e+04 3.50027e+02
1.90679e+04 3.50027e+02
1.91013e+04 3.50027e+02
1.91346e+04 3.50028e+02
1.91679e+04 3.50028e+02
1.92013e+04 3.50028e+02
1.92346e+04 3.50029e+02
1.92680e+04 3.50029e+02
1.93013e+04 3.50029e+02
1.93346e+04 3.50030e+02
1.93680e+04 3.50030e+02
1.94013e+04 3.50030e+02
1.94346e+04 3.50030e+02
1.94680e+04 3.50031e+02
1.95013e+04 3.50031e+02
1.95346e+04 3.50031e+02
1.95680e+04 3.50031e+02
1.96013e+04 3.50032e+02
1.96346e+04 3.50032e+02
1.96680e+04 3.50032e+02
1.97013e+04 3.50032e+02
1.97346e+04 3.50033e+02
1.97680e+04 3.50033e+02
1.98013e+04 3.50033e+02
1.98347e+04 3.50033e+02
1.98680e+04 3.50034e+02
1.99013e+04 3.50034e+02
1.99347e+04 3.50034e+02
1.99680e+04 3.50034e+02
