# --------------------------------------------------
#      SOLUTION
# 
# --------------------------------------------------
# 
# |time|node 0|...|node n|
# 
0.00000e+00 2.85150e+02 2.85150e+02 2.85150e+02 2.85150e+02 2.85150e+02
3.33356e+01 2.86544e+02 2.86498e+02 2.85202e+02 2.85150e+02 2.85150e+02
6.66711e+01 2.87881e+02 2.87833e+02 2.85319e+02 2.85153e+02 2.85151e+02
1.00007e+02 2.89184e+02 2.89135e+02 2.85464e+02 2.85158e+02 2.85152e+02
1.33342e+02 2.90456e+02 2.90406e+02 2.85621e+02 2.85167e+02 2.85155e+02
1.66678e+02 2.91698e+02 2.91647e+02 2.85782e+02 2.85177e+02 2.85160e+02
2.00013e+02 2.92910e+02 2.92858e+02 2.85945e+02 2.85190e+02 2.85167e+02
2.33349e+02 2.94093e+02 2.94040e+02 2.86107e+02 2.85205e+02 2.85176e+02
2.66684e+02 2.95248e+02 2.95194e+02 2.86268e+02 2.85222e+02 2.85187e+02
3.00020e+02 2.96376e+02 2.96321e+02 2.86427e+02 2.85241e+02 2.85200e+02
3.33356e+02 2.97477e+02 2.97422e+02 2.86585e+02 2.85262e+02 2.85215e+02
3.66691e+02 2.98553e+02 2.98497e+02 2.86741e+02 2.85285e+02 2.85231e+02
4.00027e+02 2.99603e+02 2.99546e+02 2.86896e+02 2.85309e+02 2.85250e+02
4.33362e+02 3.00629e+02 3.00571e+02 2.87049e+02 2.85335e+02 2.85270e+02
4.66698e+02 3.01631e+02 3.01572e+02 2.87200e+02 2.85362e+02 2.85291e+02
5.00033e+02 3.02609e+02 3.02550e+02 2.87349e+02 2.85391e+02 2.85314e+02
5.33369e+02 3.03565e+02 3.03505e+02 2.87497e+02 2.85422e+02 2.85339e+02
5.66704e+02 3.04499e+02 3.04438e+02 2.87644e+02 2.85453e+02 2.85365e+02
6.00040e+02 3.05411e+02 3.05350e+02 2.87788e+02 2.85486e+02 2.85392e+02
6.33376e+02 3.06302e+02 3.06240e+02 2.87932e+02 2.85520e+02 2.85420e+02
6.66711e+02 3.07173e+02 3.07110e+02 2.88073e+02 2.85555e+02 2.85450e+02
7.00047e+02 3.08023e+02 3.07960e+02 2.88213e+02 2.85592e+02 2.85481e+02
7.33382e+02 3.08854e+02 3.08790e+02 2.88351e+02 2.85629e+02 2.85513e+02
7.66718e+02 3.09666e+02 3.09602e+02 2.88488e+02 2.85667e+02 2.85546e+02
8.00053e+02 3.10460e+02 3.10395e+02 2.88624e+02 2.85706e+02 2.85580e+02
8.33389e+02 3.11235e+02 3.11170e+02 2.88757e+02 2.85746e+02 2.85614e+02
8.66724e+02 3.11993e+02 3.11927e+02 2.88890e+02 2.85787e+02 2.85650e+02
9.00060e+02 3.12734e+02 3.12667e+02 2.89021e+02 2.85829e+02 2.85687e+02
9.33396e+02 3.13458e+02 3.13391e+02 2.89150e+02 2.85871e+02 2.85724e+02
9.66731e+02 3.14166e+02 3.14098e+02 2.89278e+02 2.85915e+02 2.85762e+02
1.00007e+03 3.14858e+02 3.14789e+02 2.89404e+02 2.85958e+02 2.85801e+02
1.03340e+03 3.15534e+02 3.15465e+02 2.89529e+02 2.86003e+02 2.85840e+02
1.06674e+03 3.16196e+02 3.16126e+02 2.89653e+02 2.86048e+02 2.85881e+02
1.10007e+03 3.16842e+02 3.16772e+02 2.89775e+02 2.86093e+02 2.85921e+02
1.13341e+03 3.17474e+02 3.17404e+02 2.89896e+02 2.86139e+02 2.85962e+02
1.16674e+03 3.18092e+02 3.18021e+02 2.90016e+02 2.86185e+02 2.86004e+02
1.20008e+03 3.18697e+02 3.18625e+02 2.90134e+02 2.86232e+02 2.86046e+02
1.23342e+03 3.19288e+02 3.19216e+02 2.90251e+02 2.86279e+02 2.86089e+02
1.26675e+03 3.19866e+02 3.19794e+02 2.90366e+02 2.86327e+02 2.86132e+02
1.30009e+03 3.20431e+02 3.20359e+02 2.90480e+02 2.86375e+02 2.86175e+02
1.33342e+03 3.20984e+02 3.20911e+02 2.90593e+02 2.86423e+02 2.86219e+02
1.36676e+03 3.21525e+02 3.21452e+02 2.90705e+02 2.86471e+02 2.86263e+02
1.40009e+03 3.22055e+02 3.21981e+02 2.90815e+02 2.86520e+02 2.86308e+02
1.43343e+03 3.22572e+02 3.22498e+02 2.90924e+02 2.86569e+02 2.86352e+02
1.46676e+03 3.23079e+02 3.23004e+02 2.91032e+02 2.86618e+02 2.86397e+02
1.50010e+03 3.23574e+02 3.23500e+02 2.91139e+02 2.86668e+02 2.86443e+02
1.53344e+03 3.24059e+02 3.23984e+02 2.91244e+02 2.86717e+02 2.86488e+02
1.56677e+03 3.24534e+02 3.24458e+02 2.91348e+02 2.86767e+02 2.86533e+02
1.60011e+03 3.24998e+02 3.24922e+02 2.91451e+02 2.86816e+02 2.86579e+02
1.63344e+03 3.25453e+02 3.25376e+02 2.91553e+02 2.86866e+02 2.86625e+02
1.66678e+03 3.25897e+02 3.25821e+02 2.91653e+02 2.86916e+02 2.86671e+02
1.70011e+03 3.26333e+02 3.26256e+02 2.91753e+02 2.86966e+02 2.86717e+02
1.73345e+03 3.26759e+02 3.26682e+02 2.91851e+02 2.87015e+02 2.86763e+02
1.76678e+03 3.27176e+02 3.27099e+02 2.91948e+02 2.87065e+02 2.86809e+02
1.80012e+03 3.27584e+02 3.27507e+02 2.92044e+02 2.87115e+02 2.86855e+02
1.83346e+03 3.27984e+02 3.27906e+02 2.92139e+02 2.87165e+02 2.86901e+02
1.86679e+03 3.28375e+02 3.28297e+02 2.92233e+02 2.87215e+02 2.86947e+02
1.90013e+03 3.28759e+02 3.28680e+02 2.92326e+02 2.87264e+02 2.86993e+02
1.93346e+03 3.29134e+02 3.29055e+02 2.92417e+02 2.87314e+02 2.87039e+02
1.96680e+03 3.29501e+02 3.29422e+02 2.92508e+02 2.87364e+02 2.87085e+02
2.00013e+03 3.29861e+02 3.29782e+02 2.92598e+02 2.87413e+02 2.87131e+02
2.03347e+03 3.30214e+02 3.30134e+02 2.92686e+02 2.87463e+02 2.87177e+02
2.06680e+03 3.30559e+02 3.30479e+02 2.92774e+02 2.87512e+02 2.87223e+02
2.10014e+03 3.30897e+02 3.30817e+02 2.92860e+02 2.87561e+02 2.87269e+02
2.13348e+03 3.31228e+02 3.31148e+02 2.92946e+02 2.87610e+02 2.87314e+02
2.16681e+03 3.31553e+02 3.31472e+02 2.93030e+02 2.87659e+02 2.87360e+02
2.20015e+03 3.31871e+02 3.31790e+02 2.93113e+02 2.87707e+02 2.87405e+02
2.23348e+03 3.32182e+02 3.32101e+02 2.93196e+02 2.87756e+02 2.87450e+02
2.26682e+03 3.32487e+02 3.32406e+02 2.93277e+02 2.87804e+02 2.87495e+02
2.30015e+03 3.32787e+02 3.32705e+02 2.93358e+02 2.87852e+02 2.87540e+02
2.33349e+03 3.33080e+02 3.32998e+02 2.93438e+02 2.87900e+02 2.87585e+02
2.36682e+03 3.33367e+02 3.33285e+02 2.93516e+02 2.87947e+02 2.87629e+02
2.40016e+03 3.33648e+02 3.33566e+02 2.93594e+02 2.87995e+02 2.87674e+02
2.43350e+03 3.33924e+02 3.33842e+02 2.93671e+02 2.88042e+02 2.87718e+02
2.46683e+03 3.34195e+02 3.34112e+02 2.93747e+02 2.88089e+02 2.87762e+02
2.50017e+03 3.34460e+02 3.34377e+02 2.93822e+02 2.88135e+02 2.87806e+02
2.53350e+03 3.34719e+02 3.34637e+02 2.93896e+02 2.88182e+02 2.87849e+02
2.56684e+03 3.34974e+02 3.34892e+02 2.93970e+02 2.88228e+02 2.87893e+02
2.60017e+03 3.35224e+02 3.35141e+02 2.94042e+02 2.88274e+02 2.87936e+02
2.63351e+03 3.35469e+02 3.35386e+02 2.94114e+02 2.88320e+02 2.87979e+02
2.66684e+03 3.35709e+02 3.35626e+02 2.94184e+02 2.88365e+02 2.88021e+02
2.70018e+03 3.35945e+02 3.35861e+02 2.94254e+02 2.88410e+02 2.88064e+02
2.73352e+03 3.36176e+02 3.36092e+02 2.94323e+02 2.88455e+02 2.88106e+02
2.76685e+03 3.36402e+02 3.36318e+02 2.94392e+02 2.88500e+02 2.88148e+02
2.80019e+03 3.36624e+02 3.36541e+02 2.94459e+02 2.88544e+02 2.88189e+02
2.83352e+03 3.36842e+02 3.36758e+02 2.94526e+02 2.88588e+02 2.88231e+02
2.86686e+03 3.37056e+02 3.36972e+02 2.94592e+02 2.88631e+02 2.88272e+02
2.90019e+03 3.37266e+02 3.37182e+02 2.94657e+02 2.88675e+02 2.88312e+02
2.93353e+03 3.37471e+02 3.37387e+02 2.94721e+02 2.88718e+02 2.88353e+02
2.96686e+03 3.37673e+02 3.37589e+02 2.94785e+02 2.88761e+02 2.88393e+02
3.00020e+03 3.37871e+02 3.37787e+02 2.94848e+02 2.88803e+02 2.88433e+02
3.03354e+03 3.38066e+02 3.37981e+02 2.94910e+02 2.88845e+02 2.88473e+02
3.06687e+03 3.38256e+02 3.38172e+02 2.94971e+02 2.88887e+02 2.88513e+02
3.10021e+03 3.38444e+02 3.38359e+02 2.95032e+02 2.88929e+02 2.88552e+02
3.13354e+03 3.38627e+02 3.38542e+02 2.95092e+02 2.88970e+02 2.88591e+02
3.16688e+03 3.38808e+02 3.38723e+02 2.95151e+02 2.89011e+02 2.88629e+02
3.20021e+03 3.38985e+02 3.38899e+02 2.95210e+02 2.89051e+02 2.88667e+02
3.23355e+03 3.39158e+02 3.39073e+02 2.95267e+02 2.89092e+02 2.88705e+02
3.26688e+03 3.39329e+02 3.39244e+02 2.95324e+02 2.89132e+02 2.88743e+02
3.30022e+03 3.39496e+02 3.39411e+02 2.95381e+02 2.89171e+02 2.88781e+02
3.33356e+03 3.39661e+02 3.39575e+02 2.95437e+02 2.89211e+02 2.88818e+02
3.36689e+03 3.39822e+02 3.39736e+02 2.95492e+02 2.89250e+02 2.88855e+02
3.40023e+03 3.39981e+02 3.39895e+02 2.95546e+02 2.89288e+02 2.88891e+02
3.43356e+03 3.40136e+02 3.40050e+02 2.95600e+02 2.89327e+02 2.88927e+02
3.46690e+03 3.40289e+02 3.40203e+02 2.95653e+02 2.89365e+02 2.88963e+02
3.50023e+03 3.40439e+02 3.40353e+02 2.95706e+02 2.89402e+02 2.88999e+02
3.53357e+03 3.40587e+02 3.40500e+02 2.95758e+02 2.89440e+02 2.89034e+02
3.56690e+03 3.40731e+02 3.40645e+02 2.95809e+02 2.89477e+02 2.89069e+02
3.60024e+03 3.40874e+02 3.40787e+02 2.95860e+02 2.89514e+02 2.89104e+02
3.63358e+03 3.41013e+02 3.40927e+02 2.95910e+02 2.89550e+02 2.89139e+02
3.66691e+03 3.41150e+02 3.41064e+02 2.95959e+02 2.89586e+02 2.89173e+02
3.70025e+03 3.41285e+02 3.41199e+02 2.96008e+02 2.89622e+02 2.89207e+02
3.73358e+03 3.41418e+02 3.41331e+02 2.96056e+02 2.89657e+02 2.89240e+02
3.76692e+03 3.41548e+02 3.41461e+02 2.96104e+02 2.89692e+02 2.89274e+02
3.80025e+03 3.41676e+02 3.41589e+02 2.96151e+02 2.89727e+02 2.89307e+02
3.83359e+03 3.41801e+02 3.41715e+02 2.96198e+02 2.89762e+02 2.89339e+02
3.86692e+03 3.41925e+02 3.41838e+02 2.96244e+02 2.89796e+02 2.89372e+02
3.90026e+03 3.42046e+02 3.41959e+02 2.96289e+02 2.89830e+02 2.89404e+02
3.93360e+03 3.42165e+02 3.42078e+02 2.96334e+02 2.89863e+02 2.89435e+02
3.96693e+03 3.42283e+02 3.42196e+02 2.96379e+02 2.89897e+02 2.89467e+02
4.00027e+03 3.42398e+02 3.42311e+02 2.96423e+02 2.89930e+02 2.89498e+02
4.03360e+03 3.42511e+02 3.42424e+02 2.96466e+02 2.89962e+02 2.89529e+02
4.06694e+03 3.42623e+02 3.42535e+02 2.96509e+02 2.89994e+02 2.89560e+02
4.10027e+03 3.42732e+02 3.42645e+02 2.96551e+02 2.90026e+02 2.89590e+02
4.13361e+03 3.42840e+02 3.42752e+02 2.96593e+02 2.90058e+02 2.89620e+02
4.16694e+03 3.42945e+02 3.42858e+02 2.96634e+02 2.90090e+02 2.89650e+02
4.20028e+03 3.43049e+02 3.42962e+02 2.96675e+02 2.90121e+02 2.89679e+02
4.23362e+03 3.43152e+02 3.43064e+02 2.96715e+02 2.90151e+02 2.89709e+02
4.26695e+03 3.43252e+02 3.43165e+02 2.96755e+02 2.90182e+02 2.89738e+02
4.30029e+03 3.43351e+02 3.43264e+02 2.96794e+02 2.90212e+02 2.89766e+02
4.33362e+03 3.43449e+02 3.43361e+02 2.96833e+02 2.90242e+02 2.89795e+02
4.36696e+03 3.43544e+02 3.43456e+02 2.96872e+02 2.90272e+02 2.89823e+02
4.40029e+03 3.43638e+02 3.43550e+02 2.96910e+02 2.90301e+02 2.89850e+02
4.43363e+03 3.43731e+02 3.43643e+02 2.96947e+02 2.90330e+02 2.89878e+02
4.46696e+03 3.43822e+02 3.43734e+02 2.96984e+02 2.90359e+02 2.89905e+02
4.50030e+03 3.43912e+02 3.43824e+02 2.97021e+02 2.90387e+02 2.89932e+02
4.53364e+03 3.44000e+02 3.43912e+02 2.97057e+02 2.90415e+02 2.89959e+02
4.56697e+03 3.44086e+02 3.43998e+02 2.97093e+02 2.90443e+02 2.89985e+02
4.60031e+03 3.44172e+02 3.44083e+02 2.97128e+02 2.90470e+02 2.90012e+02
4.63364e+03 3.44256e+02 3.44167e+02 2.97163e+02 2.90498e+02 2.90037e+02
4.66698e+03 3.44338e+02 3.44250e+02 2.97197e+02 2.90525e+02 2.90063e+02
4.70031e+03 3.44419e+02 3.44331e+02 2.97231e+02 2.90551e+02 2.90088e+02
4.73365e+03 3.44499e+02 3.44411e+02 2.97265e+02 2.90578e+02 2.90114e+02
4.76698e+03 3.44578e+02 3.44490e+02 2.97298e+02 2.90604e+02 2.90138e+02
4.80032e+03 3.44655e+02 3.44567e+02 2.97331e+02 2.90630e+02 2.90163e+02
4.83366e+03 3.44732e+02 3.44643e+02 2.97364e+02 2.90656e+02 2.90187e+02
4.86699e+03 3.44807e+02 3.44718e+02 2.97396e+02 2.90681e+02 2.90212e+02
4.90033e+03 3.44880e+02 3.44792e+02 2.97427e+02 2.90706e+02 2.90235e+02
4.93366e+03 3.44953e+02 3.44864e+02 2.97459e+02 2.90731e+02 2.90259e+02
4.96700e+03 3.45025e+02 3.44936e+02 2.97489e+02 2.90755e+02 2.90282e+02
5.00033e+03 3.45095e+02 3.45006e+02 2.97520e+02 2.90780e+02 2.90305e+02
5.03367e+03 3.45164e+02 3.45076e+02 2.97550e+02 2.90804e+02 2.90328e+02
5.06700e+03 3.45232e+02 3.45144e+02 2.97580e+02 2.90828e+02 2.90351e+02
5.10034e+03 3.45300e+02 3.45211e+02 2.97609e+02 2.90851e+02 2.90373e+02
5.13368e+03 3.45366e+02 3.45277e+02 2.97638e+02 2.90874e+02 2.90396e+02
5.16701e+03 3.45431e+02 3.45342e+02 2.97667e+02 2.90897e+02 2.90417e+02
5.20035e+03 3.45495e+02 3.45406e+02 2.97696e+02 2.90920e+02 2.90439e+02
5.23368e+03 3.45558e+02 3.45469e+02 2.97724e+02 2.90943e+02 2.90461e+02
5.26702e+03 3.45620e+02 3.45531e+02 2.97751e+02 2.90965e+02 2.90482e+02
5.30035e+03 3.45681e+02 3.45592e+02 2.97779e+02 2.90987e+02 2.90503e+02
5.33369e+03 3.45742e+02 3.45653e+02 2.97806e+02 2.91009e+02 2.90524e+02
5.36702e+03 3.45801e+02 3.45712e+02 2.97832e+02 2.91031e+02 2.90544e+02
5.40036e+03 3.45859e+02 3.45770e+02 2.97859e+02 2.91052e+02 2.90564e+02
5.43370e+03 3.45917e+02 3.45828e+02 2.97885e+02 2.91073e+02 2.90585e+02
5.46703e+03 3.45974e+02 3.45885e+02 2.97911e+02 2.91094e+02 2.90604e+02
5.50037e+03 3.46030e+02 3.45941e+02 2.97936e+02 2.91115e+02 2.90624e+02
5.53370e+03 3.46085e+02 3.45996e+02 2.97961e+02 2.91135e+02 2.90644e+02
5.56704e+03 3.46139e+02 3.46050e+02 2.97986e+02 2.91155e+02 2.90663e+02
5.60037e+03 3.46192e+02 3.46103e+02 2.98011e+02 2.91175e+02 2.90682e+02
5.63371e+03 3.46245e+02 3.46156e+02 2.98035e+02 2.91195e+02 2.90701e+02
5.66704e+03 3.46297e+02 3.46207e+02 2.98059e+02 2.91215e+02 2.90719e+02
5.70038e+03 3.46348e+02 3.46258e+02 2.98082e+02 2.91234e+02 2.90738e+02
5.73372e+03 3.46398e+02 3.46309e+02 2.98106e+02 2.91253e+02 2.90756e+02
5.76705e+03 3.46448e+02 3.46358e+02 2.98129e+02 2.91272e+02 2.90774e+02
5.80039e+03 3.46496e+02 3.46407e+02 2.98152e+02 2.91291e+02 2.90792e+02
5.83372e+03 3.46544e+02 3.46455e+02 2.98174e+02 2.91309e+02 2.90809e+02
5.86706e+03 3.46592e+02 3.46502e+02 2.98197e+02 2.91327e+02 2.90827e+02
5.90039e+03 3.46639e+02 3.46549e+02 2.98219e+02 2.91345e+02 2.90844e+02
5.93373e+03 3.46685e+02 3.46595e+02 2.98240e+02 2.91363e+02 2.90861e+02
5.96706e+03 3.46730e+02 3.46641e+02 2.98262e+02 2.91381e+02 2.90878e+02
6.00040e+03 3.46775e+02 3.46685e+02 2.98283e+02 2.91398e+02 2.90894e+02
6.03374e+03 3.46819e+02 3.46729e+02 2.98304e+02 2.91416e+02 2.90911e+02
6.06707e+03 3.46862e+02 3.46773e+02 2.98325e+02 2.91433e+02 2.90927e+02
6.10041e+03 3.46905e+02 3.46815e+02 2.98345e+02 2.91450e+02 2.90943e+02
6.13374e+03 3.46947e+02 3.46858e+02 2.98365e+02 2.91466e+02 2.90959e+02
6.16708e+03 3.46989e+02 3.46899e+02 2.98385e+02 2.91483e+02 2.90975e+02
6.20041e+03 3.47030e+02 3.46940e+02 2.98405e+02 2.91499e+02 2.90990e+02
6.23375e+03 3.47070e+02 3.46980e+02 2.98424e+02 2.91515e+02 2.91006e+02
6.26708e+03 3.47110e+02 3.47020e+02 2.98444e+02 2.91531e+02 2.91021e+02
6.30042e+03 3.47149e+02 3.47059e+02 2.98463e+02 2.91547e+02 2.91036e+02
6.33376e+03 3.47188e+02 3.47098e+02 2.98481e+02 2.91563e+02 2.91051e+02
6.36709e+03 3.47226e+02 3.47136e+02 2.98500e+02 2.91578e+02 2.91066e+02
6.40043e+03 3.47264e+02 3.47174e+02 2.98518e+02 2.91593e+02 2.91080e+02
6.43376e+03 3.47301e+02 3.47211e+02 2.98536e+02 2.91608e+02 2.91095e+02
6.46710e+03 3.47337e+02 3.47247e+02 2.98554e+02 2.91623e+02 2.91109e+02
6.50043e+03 3.47373e+02 3.47284e+02 2.98572e+02 2.91638e+02 2.91123e+02
6.53377e+03 3.47409e+02 3.47319e+02 2.98589e+02 2.91653e+02 2.91137e+02
6.56710e+03 3.47444e+02 3.47354e+02 2.98606e+02 2.91667e+02 2.91150e+02
6.60044e+03 3.47478e+02 3.47389e+02 2.98623e+02 2.91681e+02 2.91164e+02
6.63378e+03 3.47512e+02 3.47423e+02 2.98640e+02 2.91695e+02 2.91177e+02
6.66711e+03 3.47546e+02 3.47456e+02 2.98657e+02 2.91709e+02 2.91191e+02
6.70045e+03 3.47579e+02 3.47489e+02 2.98673e+02 2.91723e+02 2.91204e+02
6.73378e+03 3.47612e+02 3.47522e+02 2.98690e+02 2.91737e+02 2.91217e+02
6.76712e+03 3.47644e+02 3.47554e+02 2.98706e+02 2.91750e+02 2.91229e+02
6.80045e+03 3.47676e+02 3.47586e+02 2.98721e+02 2.91763e+02 2.91242e+02
6.83379e+03 3.47707e+02 3.47617e+02 2.98737e+02 2.91776e+02 2.91255e+02
6.86712e+03 3.47738e+02 3.47648e+02 2.98752e+02 2.91789e+02 2.91267e+02
6.90046e+03 3.47769e+02 3.47679e+02 2.98768e+02 2.91802e+02 2.91279e+02
6.93380e+03 3.47799e+02 3.47709e+02 2.98783e+02 2.91815e+02 2.91291e+02
6.96713e+03 3.47828e+02 3.47738e+02 2.98798e+02 2.91827e+02 2.91303e+02
7.00047e+03 3.47857e+02 3.47767e+02 2.98812e+02 2.91840e+02 2.91315e+02
7.03380e+03 3.47886e+02 3.47796e+02 2.98827e+02 2.91852e+02 2.91327e+02
7.06714e+03 3.47915e+02 3.47825e+02 2.98841e+02 2.91864e+02 2.91338e+02
7.10047e+03 3.47943e+02 3.47853e+02 2.98855e+02 2.91876e+02 2.91350e+02
7.13381e+03 3.47970e+02 3.47880e+02 2.98869e+02 2.91888e+02 2.91361e+02
7.16714e+03 3.47998e+02 3.47908e+02 2.98883e+02 2.91900e+02 2.91372e+02
7.20048e+03 3.48025e+02 3.47935e+02 2.98897e+02 2.91911e+02 2.91383e+02
7.23382e+03 3.48051e+02 3.47961e+02 2.98910e+02 2.91922e+02 2.91394e+02
7.26715e+03 3.48077e+02 3.47987e+02 2.98924e+02 2.91934e+02 2.91405e+02
7.30049e+03 3.48103e+02 3.48013e+02 2.98937e+02 2.91945e+02 2.91415e+02
7.33382e+03 3.48129e+02 3.48039e+02 2.98950e+02 2.91956e+02 2.91426e+02
7.36716e+03 3.48154e+02 3.48064e+02 2.98963e+02 2.91967e+02 2.91436e+02
7.40049e+03 3.48179e+02 3.48089e+02 2.98976e+02 2.91978e+02 2.91446e+02
7.43383e+03 3.48203e+02 3.48113e+02 2.98988e+02 2.91988e+02 2.91457e+02
7.46716e+03 3.48227e+02 3.48137e+02 2.99001e+02 2.91999e+02 2.91467e+02
7.50050e+03 3.48251e+02 3.48161e+02 2.99013e+02 2.92009e+02 2.91476e+02
7.53384e+03 3.48275e+02 3.48184e+02 2.99025e+02 2.92019e+02 2.91486e+02
7.56717e+03 3.48298e+02 3.48208e+02 2.99037e+02 2.92029e+02 2.91496e+02
7.60051e+03 3.48321e+02 3.48230e+02 2.99049e+02 2.92039e+02 2.91505e+02
7.63384e+03 3.48343e+02 3.48253e+02 2.99060e+02 2.92049e+02 2.91515e+02
7.66718e+03 3.48366e+02 3.48275e+02 2.99072e+02 2.92059e+02 2.91524e+02
7.70051e+03 3.48387e+02 3.48297e+02 2.99083e+02 2.92069e+02 2.91533e+02
7.73385e+03 3.48409e+02 3.48319e+02 2.99094e+02 2.92078e+02 2.91543e+02
7.76718e+03 3.48431e+02 3.48340e+02 2.99106e+02 2.92088e+02 2.91552e+02
7.80052e+03 3.48452e+02 3.48361e+02 2.99116e+02 2.92097e+02 2.91560e+02
7.83386e+03 3.48473e+02 3.48382e+02 2.99127e+02 2.92106e+02 2.91569e+02
7.86719e+03 3.48493e+02 3.48403e+02 2.99138e+02 2.92115e+02 2.91578e+02
7.90053e+03 3.48513e+02 3.48423e+02 2.99149e+02 2.92124e+02 2.91587e+02
7.93386e+03 3.48533e+02 3.48443e+02 2.99159e+02 2.92133e+02 2.91595e+02
7.96720e+03 3.48553e+02 3.48463e+02 2.99169e+02 2.92142e+02 2.91603e+02
8.00053e+03 3.48573e+02 3.48482e+02 2.99180e+02 2.92151e+02 2.91612e+02
8.03387e+03 3.48592e+02 3.48502e+02 2.99190e+02 2.92159e+02 2.91620e+02
8.06720e+03 3.48611e+02 3.48521e+02 2.99200e+02 2.92168e+02 2.91628e+02
8.10054e+03 3.48630e+02 3.48539e+02 2.99209e+02 2.92176e+02 2.91636e+02
8.13388e+03 3.48648e+02 3.48558e+02 2.99219e+02 2.92185e+02 2.91644e+02
8.16721e+03 3.48666e+02 3.48576e+02 2.99229e+02 2.92193e+02 2.91652e+02
8.20055e+03 3.48684e+02 3.48594e+02 2.99238e+02 2.92201e+02 2.91659e+02
8.23388e+03 3.48702e+02 3.48612e+02 2.99248e+02 2.92209e+02 2.91667e+02
8.26722e+03 3.48720e+02 3.48629e+02 2.99257e+02 2.92217e+02 2.91675e+02
8.30055e+03 3.48737e+02 3.48647e+02 2.99266e+02 2.92225e+02 2.91682e+02
8.33389e+03 3.48754e+02 3.48664e+02 2.99275e+02 2.92232e+02 2.91689e+02
8.36722e+03 3.48771e+02 3.48681e+02 2.99284e+02 2.92240e+02 2.91697e+02
8.40056e+03 3.48788e+02 3.48697e+02 2.99293e+02 2.92247e+02 2.91704e+02
8.43390e+03 3.48804e+02 3.48714e+02 2.99301e+02 2.92255e+02 2.91711e+02
8.46723e+03 3.48820e+02 3.48730e+02 2.99310e+02 2.92262e+02 2.91718e+02
8.50057e+03 3.48836e+02 3.48746e+02 2.99318e+02 2.92269e+02 2.91725e+02
8.53390e+03 3.48852e+02 3.48762e+02 2.99327e+02 2.92277e+02 2.91732e+02
8.56724e+03 3.48868e+02 3.48777e+02 2.99335e+02 2.92284e+02 2.91739e+02
8.60057e+03 3.48883e+02 3.48793e+02 2.99343e+02 2.92291e+02 2.91745e+02
8.63391e+03 3.48898e+02 3.48808e+02 2.99351e+02 2.92298e+02 2.91752e+02
8.66724e+03 3.48913e+02 3.48823e+02 2.99359e+02 2.92304e+02 2.91758e+02
8.70058e+03 3.48928e+02 3.48838e+02 2.99367e+02 2.92311e+02 2.91765e+02
8.73392e+03 3.48943e+02 3.48852e+02 2.99375e+02 2.92318e+02 2.91771e+02
8.76725e+03 3.48957e+02 3.48867e+02 2.99383e+02 2.92325e+02 2.91777e+02
8.80059e+03 3.48971e+02 3.48881e+02 2.99390e+02 2.92331e+02 2.91784e+02
8.83392e+03 3.48985e+02 3.48895e+02 2.99398e+02 2.92337e+02 2.91790e+02
8.86726e+03 3.48999e+02 3.48909e+02 2.99405e+02 2.92344e+02 2.91796e+02
8.90059e+03 3.49013e+02 3.48922e+02 2.99413e+02 2.92350e+02 2.91802e+02
8.93393e+03 3.49026e+02 3.48936e+02 2.99420e+02 2.92356e+02 2.91808e+02
8.96726e+03 3.49040e+02 3.48949e+02 2.99427e+02 2.92362e+02 2.91814e+02
9.00060e+03 3.49053e+02 3.48963e+02 2.99434e+02 2.92369e+02 2.91820e+02
9.03394e+03 3.49066e+02 3.48976e+02 2.99441e+02 2.92375e+02 2.91825e+02
9.06727e+03 3.49079e+02 3.48988e+02 2.99448e+02 2.92380e+02 2.91831e+02
9.10061e+03 3.49092e+02 3.49001e+02 2.99455e+02 2.92386e+02 2.91836e+02
9.13394e+03 3.49104e+02 3.49014e+02 2.99461e+02 2.92392e+02 2.91842e+02
9.16728e+03 3.49116e+02 3.49026e+02 2.99468e+02 2.92398e+02 2.91847e+02
9.20061e+03 3.49129e+02 3.49038e+02 2.99475e+02 2.92403e+02 2.91853e+02
9.23395e+03 3.49141e+02 3.49050e+02 2.99481e+02 2.92409e+02 2.91858e+02
9.26728e+03 3.49153e+02 3.49062e+02 2.99487e+02 2.92415e+02 2.91863e+02
9.30062e+03 3.49164e+02 3.49074e+02 2.99494e+02 2.92420e+02 2.91869e+02
9.33396e+03 3.49176e+02 3.49085e+02 2.99500e+02 2.92425e+02 2.91874e+02
9.36729e+03 3.49187e+02 3.49097e+02 2.99506e+02 2.92431e+02 2.91879e+02
9.40063e+03 3.49199e+02 3.49108e+02 2.99512e+02 2.92436e+02 2.91884e+02
9.43396e+03 3.49210e+02 3.49119e+02 2.99518e+02 2.92441e+02 2.91889e+02
9.46730e+03 3.49221e+02 3.49130e+02 2.99524e+02 2.92446e+02 2.91894e+02
9.50063e+03 3.49232e+02 3.49141e+02 2.99530e+02 2.92451e+02 2.91898e+02
9.53397e+03 3.49242e+02 3.49152e+02 2.99536e+02 2.92456e+02 2.91903e+02
9.56730e+03 3.49253e+02 3.49162e+02 2.99542e+02 2.92461e+02 2.91908e+02
9.60064e+03 3.49264e+02 3.49173e+02 2.99547e+02 2.92466e+02 2.91913e+02
9.63398e+03 3.49274e+02 3.49183e+02 2.99553e+02 2.92471e+02 2.91917e+02
9.66731e+03 3.49284e+02 3.49193e+02 2.99559e+02 2.92476e+02 2.91922e+02
9.70065e+03 3.49294e+02 3.49204e+02 2.99564e+02 2.92480e+02 2.91926e+02
9.73398e+03 3.49304e+02 3.49214e+02 2.99569e+02 2.92485e+02 2.91931e+02
9.76732e+03 3.49314e+02 3.49223e+02 2.99575e+02 2.92490e+02 2.91935e+02
9.80065e+03 3.49324e+02 3.49233e+02 2.99580e+02 2.92494e+02 2.91939e+02
9.83399e+03 3.49333e+02 3.49243e+02 2.99585e+02 2.92499e+02 2.91944e+02
9.86732e+03 3.49343e+02 3.49252e+02 2.99590e+02 2.92503e+02 2.91948e+02
9.90066e+03 3.49352e+02 3.49261e+02 2.99595e+02 2.92507e+02 2.91952e+02
9.93400e+03 3.49361e+02 3.49271e+02 2.99600e+02 2.92512e+02 2.91956e+02
9.96733e+03 3.49370e+02 3.49280e+02 2.99605e+02 2.92516e+02 2.91960e+02
1.00007e+04 3.49379e+02 3.49289e+02 2.99610e+02 2.92520e+02 2.91964e+02
1.00340e+04 3.49388e+02 3.49298e+02 2.99615e+02 2.92524e+02 2.91968e+02
1.00673e+04 3.49397e+02 3.49306e+02 2.99620e+02 2.92529e+02 2.91972e+02
1.01007e+04 3.49406e+02 3.49315e+02 2.99625e+02 2.92533e+02 2.91976e+02
1.01340e+04 3.49414e+02 3.49324e+02 2.99629e+02 2.92537e+02 2.91980e+02
1.01673e+04 3.49423e+02 3.49332e+02 2.99634e+02 2.92541e+02 2.91984e+02
1.02007e+04 3.49431e+02 3.49340e+02 2.99638e+02 2.92545e+02 2.91988e+02
1.02340e+04 3.49439e+02 3.49349e+02 2.99643e+02 2.92548e+02 2.91991e+02
1.02674e+04 3.49447e+02 3.49357e+02 2.99647e+02 2.92552e+02 2.91995e+02
1.03007e+04 3.49455e+02 3.49365e+02 2.99652e+02 2.92556e+02 2.91999e+02
1.03340e+04 3.49463e+02 3.49373e+02 2.99656e+02 2.92560e+02 2.92002e+02
1.03674e+04 3.49471e+02 3.49380e+02 2.99660e+02 2.92564e+02 2.92006e+02
1.04007e+04 3.49479e+02 3.49388e+02 2.99665e+02 2.92567e+02 2.92009e+02
1.04340e+04 3.49486e+02 3.49396e+02 2.99669e+02 2.92571e+02 2.92013e+02
1.04674e+04 3.49494e+02 3.49403e+02 2.99673e+02 2.92574e+02 2.92016e+02
1.05007e+04 3.49501e+02 3.49411e+02 2.99677e+02 2.92578e+02 2.92019e+02
1.05340e+04 3.49509e+02 3.49418e+02 2.99681e+02 2.92581e+02 2.92023e+02
1.05674e+04 3.49516e+02 3.49425e+02 2.99685e+02 2.92585e+02 2.92026e+02
1.06007e+04 3.49523e+02 3.49432e+02 2.99689e+02 2.92588e+02 2.92029e+02
1.06340e+04 3.49530e+02 3.49440e+02 2.99693e+02 2.92592e+02 2.92032e+02
1.06674e+04 3.49537e+02 3.49447e+02 2.99697e+02 2.92595e+02 2.92036e+02
1.07007e+04 3.49544e+02 3.49453e+02 2.99700e+02 2.92598e+02 2.92039e+02
1.07340e+04 3.49551e+02 3.49460e+02 2.99704e+02 2.92601e+02 2.92042e+02
1.07674e+04 3.49558e+02 3.49467e+02 2.99708e+02 2.92605e+02 2.92045e+02
1.08007e+04 3.49564e+02 3.49474e+02 2.99711e+02 2.92608e+02 2.92048e+02
1.08341e+04 3.49571e+02 3.49480e+02 2.99715e+02 2.92611e+02 2.92051e+02
1.08674e+04 3.49577e+02 3.49487e+02 2.99719e+02 2.92614e+02 2.92054e+02
1.09007e+04 3.49584e+02 3.49493e+02 2.99722e+02 2.92617e+02 2.92057e+02
1.09341e+04 3.49590e+02 3.49499e+02 2.99726e+02 2.92620e+02 2.92059e+02
1.09674e+04 3.49596e+02 3.49506e+02 2.99729e+02 2.92623e+02 2.92062e+02
1.10007e+04 3.49602e+02 3.49512e+02 2.99732e+02 2.92626e+02 2.92065e+02
1.10341e+04 3.49609e+02 3.49518e+02 2.99736e+02 2.92629e+02 2.92068e+02
1.10674e+04 3.49615e+02 3.49524e+02 2.99739e+02 2.92632e+02 2.92071e+02
1.11007e+04 3.49620e+02 3.49530e+02 2.99742e+02 2.92634e+02 2.92073e+02
1.11341e+04 3.49626e+02 3.49536e+02 2.99745e+02 2.92637e+02 2.92076e+02
1.11674e+04 3.49632e+02 3.49541e+02 2.99749e+02 2.92640e+02 2.92079e+02
1.12007e+04 3.49638e+02 3.49547e+02 2.99752e+02 2.92643e+02 2.92081e+02
1.12341e+04 3.49643e+02 3.49553e+02 2.99755e+02 2.92645e+02 2.92084e+02
1.12674e+04 3.49649e+02 3.49558e+02 2.99758e+02 2.92648e+02 2.92086e+02
1.13008e+04 3.49655e+02 3.49564e+02 2.99761e+02 2.92651e+02 2.92089e+02
1.13341e+04 3.49660e+02 3.49569e+02 2.99764e+02 2.92653e+02 2.92091e+02
1.13674e+04 3.49665e+02 3.49575e+02 2.99767e+02 2.92656e+02 2.92094e+02
1.14008e+04 3.49671e+02 3.49580e+02 2.99770e+02 2.92658e+02 2.92096e+02
1.14341e+04 3.49676e+02 3.49585e+02 2.99773e+02 2.92661e+02 2.92099e+02
1.14674e+04 3.49681e+02 3.49590e+02 2.99776e+02 2.92663e+02 2.92101e+02
1.15008e+04 3.49686e+02 3.49595e+02 2.99778e+02 2.92666e+02 2.92103e+02
1.15341e+04 3.49691e+02 3.49601e+02 2.99781e+02 2.92668e+02 2.92106e+02
1.15674e+04 3.49696e+02 3.49606e+02 2.99784e+02 2.92671e+02 2.92108e+02
1.16008e+04 3.49701e+02 3.49610e+02 2.99787e+02 2.92673e+02 2.92110e+02
1.16341e+04 3.49706e+02 3.49615e+02 2.99789e+02 2.92675e+02 2.92112e+02
1.16674e+04 3.49711e+02 3.49620e+02 2.99792e+02 2.92678e+02 2.92115e+02
1.17008e+04 3.49716e+02 3.49625e+02 2.99795e+02 2.92680e+02 2.92117e+02
1.17341e+04 3.49720e+02 3.49630e+02 2.99797e+02 2.92682e+02 2.92119e+02
1.17675e+04 3.49725e+02 3.49634e+02 2.99800e+02 2.92684e+02 2.92121e+02
1.18008e+04 3.49729e+02 3.49639e+02 2.99802e+02 2.92686e+02 2.92123e+02
1.18341e+04 3.49734e+02 3.49643e+02 2.99805e+02 2.92689e+02 2.92125e+02
1.18675e+04 3.49738e+02 3.49648e+02 2.99807e+02 2.92691e+02 2.92127e+02
1.19008e+04 3.49743e+02 3.49652e+02 2.99810e+02 2.92693e+02 2.92129e+02
1.19341e+04 3.49747e+02 3.49656e+02 2.99812e+02 2.92695e+02 2.92131e+02
1.19675e+04 3.49751e+02 3.49661e+02 2.99814e+02 2.92697e+02 2.92133e+02
1.20008e+04 3.49756e+02 3.49665e+02 2.99817e+02 2.92699e+02 2.92135e+02
1.20341e+04 3.49760e+02 3.49669e+02 2.99819e+02 2.92701e+02 2.92137e+02
1.20675e+04 3.49764e+02 3.49673e+02 2.99821e+02 2.92703e+02 2.92139e+02
1.21008e+04 3.49768e+02 3.49677e+02 2.99824e+02 2.92705e+02 2.92141e+02
1.21341e+04 3.49772e+02 3.49681e+02 2.99826e+02 2.92707e+02 2.92143e+02
1.21675e+04 3.49776e+02 3.49685e+02 2.99828e+02 2.92709e+02 2.92144e+02
1.22008e+04 3.49780e+02 3.49689e+02 2.99830e+02 2.92711e+02 2.92146e+02
1.22341e+04 3.49784e+02 3.49693e+02 2.99832e+02 2.92713e+02 2.92148e+02
1.22675e+04 3.49788e+02 3.49697e+02 2.99835e+02 2.92714e+02 2.92150e+02
1.23008e+04 3.49792e+02 3.49701e+02 2.99837e+02 2.92716e+02 2.92151e+02
1.23342e+04 3.49795e+02 3.49705e+02 2.99839e+02 2.92718e+02 2.92153e+02
1.23675e+04 3.49799e+02 3.49708e+02 2.99841e+02 2.92720e+02 2.92155e+02
1.24008e+04 3.49803e+02 3.49712e+02 2.99843e+02 2.92722e+02 2.92157e+02
1.24342e+04 3.49806e+02 3.49716e+02 2.99845e+02 2.92723e+02 2.92158e+02
1.24675e+04 3.49810e+02 3.49719e+02 2.99847e+02 2.92725e+02 2.92160e+02
1.25008e+04 3.49813e+02 3.49723e+02 2.99849e+02 2.92727e+02 2.92161e+02
1.25342e+04 3.49817e+02 3.49726e+02 2.99851e+02 2.92728e+02 2.92163e+02
1.25675e+04 3.49820e+02 3.49730e+02 2.99853e+02 2.92730e+02 2.92165e+02
1.26008e+04 3.49824e+02 3.49733e+02 2.99855e+02 2.92732e+02 2.92166e+02
1.26342e+04 3.49827e+02 3.49736e+02 2.99856e+02 2.92733e+02 2.92168e+02
1.26675e+04 3.49830e+02 3.49740e+02 2.99858e+02 2.92735e+02 2.92169e+02
1.27008e+04 3.49834e+02 3.49743e+02 2.99860e+02 2.92736e+02 2.92171e+02
1.27342e+04 3.49837e+02 3.49746e+02 2.99862e+02 2.92738e+02 2.92172e+02
1.27675e+04 3.49840e+02 3.49749e+02 2.99864e+02 2.92740e+02 2.92174e+02
1.28009e+04 3.49843e+02 3.49753e+02 2.99865e+02 2.92741e+02 2.92175e+02
1.28342e+04 3.49846e+02 3.49756e+02 2.99867e+02 2.92743e+02 2.92177e+02
1.28675e+04 3.49850e+02 3.49759e+02 2.99869e+02 2.92744e+02 2.92178e+02
1.29009e+04 3.49853e+02 3.49762e+02 2.99870e+02 2.92746e+02 2.92179e+02
1.29342e+04 3.49856e+02 3.49765e+02 2.99872e+02 2.92747e+02 2.92181e+02
1.29675e+04 3.49859e+02 3.49768e+02 2.99874e+02 2.92748e+02 2.92182e+02
1.30009e+04 3.49861e+02 3.49771e+02 2.99875e+02 2.92750e+02 2.92184e+02
1.30342e+04 3.49864e+02 3.49774e+02 2.99877e+02 2.92751e+02 2.92185e+02
1.30675e+04 3.49867e+02 3.49776e+02 2.99879e+02 2.92753e+02 2.92186e+02
1.31009e+04 3.49870e+02 3.49779e+02 2.99880e+02 2.92754e+02 2.92187e+02
1.31342e+04 3.49873e+02 3.49782e+02 2.99882e+02 2.92755e+02 2.92189e+02
1.31675e+04 3.49876e+02 3.49785e+02 2.99883e+02 2.92757e+02 2.92190e+02
1.32009e+04 3.49878e+02 3.49787e+02 2.99885e+02 2.92758e+02 2.92191e+02
1.32342e+04 3.49881e+02 3.49790e+02 2.99886e+02 2.92759e+02 2.92192e+02
1.32676e+04 3.49884e+02 3.49793e+02 2.99888e+02 2.92760e+02 2.92194e+02
1.33009e+04 3.49886e+02 3.49795e+02 2.99889e+02 2.92762e+02 2.92195e+02
1.33342e+04 3.49889e+02 3.49798e+02 2.99891e+02 2.92763e+02 2.92196e+02
1.33676e+04 3.49891e+02 3.49801e+02 2.99892e+02 2.92764e+02 2.92197e+02
1.34009e+04 3.49894e+02 3.49803e+02 2.99893e+02 2.92765e+02 2.92198e+02
1.34342e+04 3.49896e+02 3.49806e+02 2.99895e+02 2.92767e+02 2.92200e+02
1.34676e+04 3.49899e+02 3.49808e+02 2.99896e+02 2.92768e+02 2.92201e+02
1.35009e+04 3.49901e+02 3.49810e+02 2.99898e+02 2.92769e+02 2.92202e+02
1.35342e+04 3.49904e+02 3.49813e+02 2.99899e+02 2.92770e+02 2.92203e+02
1.35676e+04 3.49906e+02 3.49815e+02 2.99900e+02 2.92771e+02 2.92204e+02
1.36009e+04 3.49908e+02 3.49818e+02 2.99901e+02 2.92772e+02 2.92205e+02
1.36342e+04 3.49911e+02 3.49820e+02 2.99903e+02 2.92774e+02 2.92206e+02
1.36676e+04 3.49913e+02 3.49822e+02 2.99904e+02 2.92775e+02 2.92207e+02
1.37009e+04 3.49915e+02 3.49824e+02 2.99905e+02 2.92776e+02 2.92208e+02
1.37342e+04 3.49917e+02 3.49827e+02 2.99907e+02 2.92777e+02 2.92209e+02
1.37676e+04 3.49920e+02 3.49829e+02 2.99908e+02 2.92778e+02 2.92210e+02
1.38009e+04 3.49922e+02 3.49831e+02 2.99909e+02 2.92779e+02 2.92211e+02
1.38343e+04 3.49924e+02 3.49833e+02 2.99910e+02 2.92780e+02 2.92212e+02
1.38676e+04 3.49926e+02 3.49835e+02 2.99911e+02 2.92781e+02 2.92213e+02
1.39009e+04 3.49928e+02 3.49837e+02 2.99912e+02 2.92782e+02 2.92214e+02
1.39343e+04 3.49930e+02 3.49839e+02 2.99914e+02 2.92783e+02 2.92215e+02
1.39676e+04 3.49932e+02 3.49842e+02 2.99915e+02 2.92784e+02 2.92216e+02
1.40009e+04 3.49934e+02 3.49844e+02 2.99916e+02 2.92785e+02 2.92217e+02
1.40343e+04 3.49936e+02 3.49846e+02 2.99917e+02 2.92786e+02 2.92218e+02
1.40676e+04 3.49938e+02 3.49848e+02 2.99918e+02 2.92787e+02 2.92219e+02
1.41009e+04 3.49940e+02 3.49849e+02 2.99919e+02 2.92788e+02 2.92220e+02
1.41343e+04 3.49942e+02 3.49851e+02 2.99920e+02 2.92789e+02 2.92221e+02
1.41676e+04 3.49944e+02 3.49853e+02 2.99921e+02 2.92790e+02 2.92222e+02
1.42009e+04 3.49946e+02 3.49855e+02 2.99922e+02 2.92791e+02 2.92222e+02
1.42343e+04 3.49948e+02 3.49857e+02 2.99923e+02 2.92792e+02 2.92223e+02
1.42676e+04 3.49950e+02 3.49859e+02 2.99924e+02 2.92792e+02 2.92224e+02
1.43010e+04 3.49952e+02 3.49861e+02 2.99925e+02 2.92793e+02 2.92225e+02
1.43343e+04 3.49953e+02 3.49862e+02 2.99926e+02 2.92794e+02 2.92226e+02
1.43676e+04 3.49955e+02 3.49864e+02 2.99927e+02 2.92795e+02 2.92227e+02
1.44010e+04 3.49957e+02 3.49866e+02 2.99928e+02 2.92796e+02 2.92227e+02
1.44343e+04 3.49959e+02 3.49868e+02 2.99929e+02 2.92797e+02 2.92228e+02
1.44676e+04 3.49960e+02 3.49869e+02 2.99930e+02 2.92797e+02 2.92229e+02
1.45010e+04 3.49962e+02 3.49871e+02 2.99931e+02 2.92798e+02 2.92230e+02
1.45343e+04 3.49964e+02 3.49873e+02 2.99932e+02 2.92799e+02 2.92231e+02
1.45676e+04 3.49965e+02 3.49874e+02 2.99933e+02 2.92800e+02 2.92231e+02
1.46010e+04 3.49967e+02 3.49876e+02 2.99934e+02 2.92801e+02 2.92232e+02
1.46343e+04 3.49968e+02 3.49878e+02 2.99935e+02 2.92801e+02 2.92233e+02
1.46676e+04 3.49970e+02 3.49879e+02 2.99936e+02 2.92802e+02 2.92234e+02
1.47010e+04 3.49972e+02 3.49881e+02 2.99937e+02 2.92803e+02 2.92234e+02
1.47343e+04 3.49973e+02 3.49882e+02 2.99937e+02 2.92804e+02 2.92235e+02
1.47677e+04 3.49975e+02 3.49884e+02 2.99938e+02 2.92804e+02 2.92236e+02
1.48010e+04 3.49976e+02 3.49885e+02 2.99939e+02 2.92805e+02 2.92236e+02
1.48343e+04 3.49978e+02 3.49887e+02 2.99940e+02 2.92806e+02 2.92237e+02
1.48677e+04 3.49979e+02 3.49888e+02 2.99941e+02 2.92807e+02 2.92238e+02
1.49010e+04 3.49981e+02 3.49890e+02 2.99942e+02 2.92807e+02 2.92238e+02
1.49343e+04 3.49982e+02 3.49891e+02 2.99942e+02 2.92808e+02 2.92239e+02
1.49677e+04 3.49983e+02 3.49893e+02 2.99943e+02 2.92809e+02 2.92240e+02
1.50010e+04 3.49985e+02 3.49894e+02 2.99944e+02 2.92809e+02 2.92240e+02
1.50343e+04 3.49986e+02 3.49895e+02 2.99945e+02 2.92810e+02 2.92241e+02
1.50677e+04 3.49988e+02 3.49897e+02 2.99945e+02 2.92811e+02 2.92242e+02
1.51010e+04 3.49989e+02 3.49898e+02 2.99946e+02 2.92811e+02 2.92242e+02
1.51343e+04 3.49990e+02 3.49899e+02 2.99947e+02 2.92812e+02 2.92243e+02
1.51677e+04 3.49992e+02 3.49901e+02 2.99948e+02 2.92813e+02 2.92244e+02
1.52010e+04 3.49993e+02 3.49902e+02 2.99948e+02 2.92813e+02 2.92244e+02
1.52343e+04 3.49994e+02 3.49903e+02 2.99949e+02 2.92814e+02 2.92245e+02
1.52677e+04 3.49995e+02 3.49904e+02 2.99950e+02 2.92814e+02 2.92245e+02
1.53010e+04 3.49997e+02 3.49906e+02 2.99951e+02 2.92815e+02 2.92246e+02
1.53344e+04 3.49998e+02 3.49907e+02 2.99951e+02 2.92816e+02 2.92246e+02
1.53677e+04 3.49999e+02 3.49908e+02 2.99952e+02 2.92816e+02 2.92247e+02
1.54010e+04 3.50000e+02 3.49909e+02 2.99953e+02 2.92817e+02 2.92248e+02
1.54344e+04 3.50001e+02 3.49911e+02 2.99953e+02 2.92817e+02 2.92248e+02
1.54677e+04 3.50003e+02 3.49912e+02 2.99954e+02 2.92818e+02 2.92249e+02
1.55010e+04 3.50004e+02 3.49913e+02 2.99955e+02 2.92819e+02 2.92249e+02
1.55344e+04 3.50005e+02 3.49914e+02 2.99955e+02 2.92819e+02 2.92250e+02
1.55677e+04 3.50006e+02 3.49915e+02 2.99956e+02 2.92820e+02 2.92250e+02
1.56010e+04 3.50007e+02 3.49916e+02 2.99956e+02 2.92820e+02 2.92251e+02
1.56344e+04 3.50008e+02 3.49917e+02 2.99957e+02 2.92821e+02 2.92251e+02
1.56677e+04 3.50009e+02 3.49919e+02 2.99958e+02 2.92821e+02 2.92252e+02
1.57010e+04 3.50010e+02 3.49920e+02 2.99958e+02 2.92822e+02 2.92252e+02
1.57344e+04 3.50012e+02 3.49921e+02 2.99959e+02 2.92822e+02 2.92253e+02
1.57677e+04 3.50013e+02 3.49922e+02 2.99959e+02 2.92823e+02 2.92253e+02
1.58011e+04 3.50014e+02 3.49923e+02 2.99960e+02 2.92823e+02 2.92254e+02
1.58344e+04 3.50015e+02 3.49924e+02 2.99961e+02 2.92824e+02 2.92254e+02
1.58677e+04 3.50016e+02 3.49925e+02 2.99961e+02 2.92824e+02 2.92255e+02
1.59011e+04 3.50017e+02 3.49926e+02 2.99962e+02 2.92825e+02 2.92255e+02
1.59344e+04 3.50018e+02 3.49927e+02 2.99962e+02 2.92825e+02 2.92256e+02
1.59677e+04 3.50019e+02 3.49928e+02 2.99963e+02 2.92826e+02 2.92256e+02
1.60011e+04 3.50020e+02 3.49929e+02 2.99963e+02 2.92826e+02 2.92257e+02
1.60344e+04 3.50021e+02 3.49930e+02 2.99964e+02 2.92827e+02 2.92257e+02
1.60677e+04 3.50022e+02 3.49931e+02 2.99964e+02 2.92827e+02 2.92257e+02
1.61011e+04 3.50022e+02 3.49932e+02 2.99965e+02 2.92828e+02 2.92258e+02
1.61344e+04 3.50023e+02 3.49932e+02 2.99965e+02 2.92828e+02 2.92258e+02
1.61677e+04 3.50024e+02 3.49933e+02 2.99966e+02 2.92828e+02 2.92259e+02
1.62011e+04 3.50025e+02 3.49934e+02 2.99966e+02 2.92829e+02 2.92259e+02
1.62344e+04 3.50026e+02 3.49935e+02 2.99967e+02 2.92829e+02 2.92260e+02
1.62678e+04 3.50027e+02 3.49936e+02 2.99967e+02 2.92830e+02 2.92260e+02
1.63011e+04 3.50028e+02 3.49937e+02 2.99968e+02 2.92830e+02 2.92260e+02
1.63344e+04 3.50029e+02 3.49938e+02 2.99968e+02 2.92831e+02 2.92261e+02
1.63678e+04 3.50029e+02 3.49939e+02 2.99969e+02 2.92831e+02 2.92261e+02
1.64011e+04 3.50030e+02 3.49939e+02 2.99969e+02 2.92831e+02 2.92261e+02
1.64344e+04 3.50031e+02 3.49940e+02 2.99970e+02 2.92832e+02 2.92262e+02
1.64678e+04 3.50032e+02 3.49941e+02 2.99970e+02 2.92832e+02 2.92262e+02
1.65011e+04 3.50033e+02 3.49942e+02 2.99971e+02 2.92833e+02 2.92263e+02
1.65344e+04 3.50034e+02 3.49943e+02 2.99971e+02 2.92833e+02 2.92263e+02
1.65678e+04 3.50034e+02 3.49943e+02 2.99972e+02 2.92833e+02 2.92263e+02
1.66011e+04 3.50035e+02 3.49944e+02 2.99972e+02 2.92834e+02 2.92264e+02
1.66344e+04 3.50036e+02 3.49945e+02 2.99972e+02 2.92834e+02 2.92264e+02
1.66678e+04 3.50037e+02 3.49946e+02 2.99973e+02 2.92834e+02 2.92264e+02
1.67011e+04 3.50037e+02 3.49947e+02 2.99973e+02 2.92835e+02 2.92265e+02
1.67344e+04 3.50038e+02 3.49947e+02 2.99974e+02 2.92835e+02 2.92265e+02
1.67678e+04 3.50039e+02 3.49948e+02 2.99974e+02 2.92836e+02 2.92265e+02
1.68011e+04 3.50040e+02 3.49949e+02 2.99975e+02 2.92836e+02 2.92266e+02
1.68345e+04 3.50040e+02 3.49949e+02 2.99975e+02 2.92836e+02 2.92266e+02
1.68678e+04 3.50041e+02 3.49950e+02 2.99975e+02 2.92837e+02 2.92266e+02
1.69011e+04 3.50042e+02 3.49951e+02 2.99976e+02 2.92837e+02 2.92267e+02
1.69345e+04 3.50042e+02 3.49951e+02 2.99976e+02 2.92837e+02 2.92267e+02
1.69678e+04 3.50043e+02 3.49952e+02 2.99976e+02 2.92838e+02 2.92267e+02
1.70011e+04 3.50044e+02 3.49953e+02 2.99977e+02 2.92838e+02 2.92268e+02
1.70345e+04 3.50044e+02 3.49953e+02 2.99977e+02 2.92838e+02 2.92268e+02
1.70678e+04 3.50045e+02 3.49954e+02 2.99978e+02 2.92839e+02 2.92268e+02
1.71011e+04 3.50046e+02 3.49955e+02 2.99978e+02 2.92839e+02 2.92269e+02
1.71345e+04 3.50046e+02 3.49955e+02 2.99978e+02 2.92839e+02 2.92269e+02
1.71678e+04 3.50047e+02 3.49956e+02 2.99979e+02 2.92839e+02 2.92269e+02
1.72011e+04 3.50048e+02 3.49957e+02 2.99979e+02 2.92840e+02 2.92269e+02
1.72345e+04 3.50048e+02 3.49957e+02 2.99979e+02 2.92840e+02 2.92270e+02
1.72678e+04 3.50049e+02 3.49958e+02 2.99980e+02 2.92840e+02 2.92270e+02
1.73012e+04 3.50049e+02 3.49959e+02 2.99980e+02 2.92841e+02 2.92270e+02
1.73345e+04 3.50050e+02 3.49959e+02 2.99980e+02 2.92841e+02 2.92271e+02
1.73678e+04 3.50051e+02 3.49960e+02 2.99981e+02 2.92841e+02 2.92271e+02
1.74012e+04 3.50051e+02 3.49960e+02 2.99981e+02 2.92842e+02 2.92271e+02
1.74345e+04 3.50052e+02 3.49961e+02 2.99981e+02 2.92842e+02 2.92271e+02
1.74678e+04 3.50052e+02 3.49961e+02 2.99982e+02 2.92842e+02 2.92272e+02
1.75012e+04 3.50053e+02 3.49962e+02 2.99982e+02 2.92842e+02 2.92272e+02
1.75345e+04 3.50053e+02 3.49963e+02 2.99982e+02 2.92843e+02 2.92272e+02
1.75678e+04 3.50054e+02 3.49963e+02 2.99983e+02 2.92843e+02 2.92272e+02
1.76012e+04 3.50054e+02 3.49964e+02 2.99983e+02 2.92843e+02 2.92273e+02
1.76345e+04 3.50055e+02 3.49964e+02 2.99983e+02 2.92843e+02 2.92273e+02
1.76678e+04 3.50056e+02 3.49965e+02 2.99983e+02 2.92844e+02 2.92273e+02
1.77012e+04 3.50056e+02 3.49965e+02 2.99984e+02 2.92844e+02 2.92273e+02
1.77345e+04 3.50057e+02 3.49966e+02 2.99984e+02 2.92844e+02 2.92274e+02
1.77679e+04 3.50057e+02 3.49966e+02 2.99984e+02 2.92844e+02 2.92274e+02
1.78012e+04 3.50058e+02 3.49967e+02 2.99985e+02 2.92845e+02 2.92274e+02
1.78345e+04 3.50058e+02 3.49967e+02 2.99985e+02 2.92845e+02 2.92274e+02
1.78679e+04 3.50059e+02 3.49968e+02 2.99985e+02 2.92845e+02 2.92275e+02
1.79012e+04 3.50059e+02 3.49968e+02 2.99985e+02 2.92845e+02 2.92275e+02
1.79345e+04 3.50060e+02 3.49969e+02 2.99986e+02 2.92846e+02 2.92275e+02
1.79679e+04 3.50060e+02 3.49969e+02 2.99986e+02 2.92846e+02 2.92275e+02
1.80012e+04 3.50060e+02 3.49970e+02 2.99986e+02 2.92846e+02 2.92275e+02
1.80345e+04 3.50061e+02 3.49970e+02 2.99986e+02 2.92846e+02 2.92276e+02
1.80679e+04 3.50061e+02 3.49970e+02 2.99987e+02 2.92846e+02 2.92276e+02
1.81012e+04 3.50062e+02 3.49971e+02 2.99987e+02 2.92847e+02 2.92276e+02
1.81345e+04 3.50062e+02 3.49971e+02 2.99987e+02 2.92847e+02 2.92276e+02
1.81679e+04 3.50063e+02 3.49972e+02 2.99987e+02 2.92847e+02 2.92276e+02
1.82012e+04 3.50063e+02 3.49972e+02 2.99988e+02 2.92847e+02 2.92277e+02
1.82345e+04 3.50064e+02 3.49973e+02 2.99988e+02 2.92848e+02 2.92277e+02
1.82679e+04 3.50064e+02 3.49973e+02 2.99988e+02 2.92848e+02 2.92277e+02
1.83012e+04 3.50064e+02 3.49973e+02 2.99988e+02 2.92848e+02 2.92277e+02
1.83346e+04 3.50065e+02 3.49974e+02 2.99989e+02 2.92848e+02 2.92277e+02
1.83679e+04 3.50065e+02 3.49974e+02 2.99989e+02 2.92848e+02 2.92278e+02
1.84012e+04 3.50066e+02 3.49975e+02 2.99989e+02 2.92849e+02 2.92278e+02
1.84346e+04 3.50066e+02 3.49975e+02 2.99989e+02 2.92849e+02 2.92278e+02
1.84679e+04 3.50066e+02 3.49975e+02 2.99989e+02 2.92849e+02 2.92278e+02
1.85012e+04 3.50067e+02 3.49976e+02 2.99990e+02 2.92849e+02 2.92278e+02
1.85346e+04 3.50067e+02 3.49976e+02 2.99990e+02 2.92849e+02 2.92279e+02
1.85679e+04 3.50068e+02 3.49977e+02 2.99990e+02 2.92849e+02 2.92279e+02
1.86012e+04 3.50068e+02 3.49977e+02 2.99990e+02 2.92850e+02 2.92279e+02
1.86346e+04 3.50068e+02 3.49977e+02 2.99991e+02 2.92850e+02 2.92279e+02
1.86679e+04 3.50069e+02 3.49978e+02 2.99991e+02 2.92850e+02 2.92279e+02
1.87012e+04 3.50069e+02 3.49978e+02 2.99991e+02 2.92850e+02 2.92279e+02
1.87346e+04 3.50069e+02 3.49978e+02 2.99991e+02 2.92850e+02 2.92280e+02
1.87679e+04 3.50070e+02 3.49979e+02 2.99991e+02 2.92851e+02 2.92280e+02
1.88013e+04 3.50070e+02 3.49979e+02 2.99991e+02 2.92851e+02 2.92280e+02
1.88346e+04 3.50070e+02 3.49979e+02 2.99992e+02 2.92851e+02 2.92280e+02
1.88679e+04 3.50071e+02 3.49980e+02 2.99992e+02 2.92851e+02 2.92280e+02
1.89013e+04 3.50071e+02 3.49980e+02 2.99992e+02 2.92851e+02 2.92280e+02
1.89346e+04 3.50071e+02 3.49980e+02 2.99992e+02 2.92851e+02 2.92280e+02
1.89679e+04 3.50072e+02 3.49981e+02 2.99992e+02 2.92851e+02 2.92281e+02
1.90013e+04 3.50072e+02 3.49981e+02 2.99993e+02 2.92852e+02 2.92281e+02
1.90346e+04 3.50072e+02 3.49981e+02 2.99993e+02 2.92852e+02 2.92281e+02
1.90679e+04 3.50073e+02 3.49982e+02 2.99993e+02 2.92852e+02 2.92281e+02
1.91013e+04 3.50073e+02 3.49982e+02 2.99993e+02 2.92852e+02 2.92281e+02
1.91346e+04 3.50073e+02 3.49982e+02 2.99993e+02 2.92852e+02 2.92281e+02
1.91679e+04 3.50074e+02 3.49983e+02 2.99993e+02 2.92852e+02 2.92281e+02
1.92013e+04 3.50074e+02 3.49983e+02 2.99994e+02 2.92853e+02 2.92282e+02
1.92346e+04 3.50074e+02 3.49983e+02 2.99994e+02 2.92853e+02 2.92282e+02
1.92680e+04 3.50074e+02 3.49984e+02 2.99994e+02 2.92853e+02 2.92282e+02
1.93013e+04 3.50075e+02 3.49984e+02 2.99994e+02 2.92853e+02 2.92282e+02
1.93346e+04 3.50075e+02 3.49984e+02 2.99994e+02 2.92853e+02 2.92282e+02
1.93680e+04 3.50075e+02 3.49984e+02 2.99994e+02 2.92853e+02 2.92282e+02
1.94013e+04 3.50076e+02 3.49985e+02 2.99995e+02 2.92853e+02 2.92282e+02
1.94346e+04 3.50076e+02 3.49985e+02 2.99995e+02 2.92853e+02 2.92283e+02
1.94680e+04 3.50076e+02 3.49985e+02 2.99995e+02 2.92854e+02 2.92283e+02
1.95013e+04 3.50076e+02 3.49985e+02 2.99995e+02 2.92854e+02 2.92283e+02
1.95346e+04 3.50077e+02 3.49986e+02 2.99995e+02 2.92854e+02 2.92283e+02
1.95680e+04 3.50077e+02 3.49986e+02 2.99995e+02 2.92854e+02 2.92283e+02
1.96013e+04 3.50077e+02 3.49986e+02 2.99995e+02 2.92854e+02 2.92283e+02
1.96346e+04 3.50077e+02 3.49987e+02 2.99996e+02 2.92854e+02 2.92283e+02
1.96680e+04 3.50078e+02 3.49987e+02 2.99996e+02 2.92854e+02 2.92283e+02
1.97013e+04 3.50078e+02 3.49987e+02 2.99996e+02 2.92855e+02 2.92284e+02
1.97346e+04 3.50078e+02 3.49987e+02 2.99996e+02 2.92855e+02 2.92284e+02
1.97680e+04 3.50078e+02 3.49987e+02 2.99996e+02 2.92855e+02 2.92284e+02
1.98013e+04 3.50079e+02 3.49988e+02 2.99996e+02 2.92855e+02 2.92284e+02
1.98347e+04 3.50079e+02 3.49988e+02 2.99996e+02 2.92855e+02 2.92284e+02
1.98680e+04 3.50079e+02 3.49988e+02 2.99997e+02 2.92855e+02 2.92284e+02
1.99013e+04 3.50079e+02 3.49988e+02 2.99997e+02 2.92855e+02 2.92284e+02
1.99347e+04 3.50080e+02 3.49989e+02 2.99997e+02 2.92855e+02 2.92284e+02
1.99680e+04 3.50080e+02 3.49989e+02 2.99997e+02 2.92855e+02 2.92284e+02
