# --------------------------------------------------
#      SOLUTION
# 
# --------------------------------------------------
# 
# |time|node 0|...|node n|
# 
0.00000e+00 2.85150e+02
3.33356e+01 2.85150e+02
6.66711e+01 2.85152e+02
1.00007e+02 2.85155e+02
1.33342e+02 2.85161e+02
1.66678e+02 2.85169e+02
2.00013e+02 2.85179e+02
2.33349e+02 2.85191e+02
2.66684e+02 2.85205e+02
3.00020e+02 2.85221e+02
3.33356e+02 2.85238e+02
3.66691e+02 2.85258e+02
4.00027e+02 2.85279e+02
4.33362e+02 2.85302e+02
4.66698e+02 2.85327e+02
5.00033e+02 2.85353e+02
5.33369e+02 2.85380e+02
5.66704e+02 2.85409e+02
6.00040e+02 2.85439e+02
6.33376e+02 2.85470e+02
6.66711e+02 2.85503e+02
7.00047e+02 2.85536e+02
7.33382e+02 2.85571e+02
7.66718e+02 2.85606e+02
8.00053e+02 2.85643e+02
8.33389e+02 2.85680e+02
8.66724e+02 2.85719e+02
9.00060e+02 2.85758e+02
9.33396e+02 2.85798e+02
9.66731e+02 2.85838e+02
1.00007e+03 2.85880e+02
1.03340e+03 2.85922e+02
1.06674e+03 2.85964e+02
1.10007e+03 2.86007e+02
1.13341e+03 2.86051e+02
1.16674e+03 2.86095e+02
1.20008e+03 2.86139e+02
1.23342e+03 2.86184e+02
1.26675e+03 2.86229e+02
1.30009e+03 2.86275e+02
1.33342e+03 2.86321e+02
1.36676e+03 2.86367e+02
1.40009e+03 2.86414e+02
1.43343e+03 2.86461e+02
1.46676e+03 2.86508e+02
1.50010e+03 2.86555e+02
1.53344e+03 2.86602e+02
1.56677e+03 2.86650e+02
1.60011e+03 2.86698e+02
1.63344e+03 2.86745e+02
1.66678e+03 2.86793e+02
1.70011e+03 2.86841e+02
1.73345e+03 2.86889e+02
1.76678e+03 2.86937e+02
1.80012e+03 2.86985e+02
1.83346e+03 2.87033e+02
1.86679e+03 2.87081e+02
1.90013e+03 2.87129e+02
1.93346e+03 2.87177e+02
1.96680e+03 2.87224e+02
2.00013e+03 2.87272e+02
2.03347e+03 2.87320e+02
2.06680e+03 2.87367e+02
2.10014e+03 2.87415e+02
2.13348e+03 2.87462e+02
2.16681e+03 2.87509e+02
2.20015e+03 2.87556e+02
2.23348e+03 2.87603e+02
2.26682e+03 2.87650e+02
2.30015e+03 2.87696e+02
2.33349e+03 2.87742e+02
2.36682e+03 2.87788e+02
2.40016e+03 2.87834e+02
2.43350e+03 2.87880e+02
2.46683e+03 2.87925e+02
2.50017e+03 2.87971e+02
2.53350e+03 2.88016e+02
2.56684e+03 2.88060e+02
2.60017e+03 2.88105e+02
2.63351e+03 2.88149e+02
2.66684e+03 2.88193e+02
2.70018e+03 2.88237e+02
2.73352e+03 2.88280e+02
2.76685e+03 2.88324e+02
2.80019e+03 2.88366e+02
2.83352e+03 2.88409e+02
2.86686e+03 2.88452e+02
2.90019e+03 2.88494e+02
2.93353e+03 2.88535e+02
2.96686e+03 2.88577e+02
3.00020e+03 2.88618e+02
3.03354e+03 2.88659e+02
3.06687e+03 2.88700e+02
3.10021e+03 2.88740e+02
3.13354e+03 2.88780e+02
3.16688e+03 2.88820e+02
3.20021e+03 2.88859e+02
3.23355e+03 2.88899e+02
3.26688e+03 2.88937e+02
3.30022e+03 2.88976e+02
3.33356e+03 2.89014e+02
3.36689e+03 2.89052e+02
3.40023e+03 2.89090e+02
3.43356e+03 2.89127e+02
3.46690e+03 2.89164e+02
3.50023e+03 2.89201e+02
3.53357e+03 2.89237e+02
3.56690e+03 2.89273e+02
3.60024e+03 2.89309e+02
3.63358e+03 2.89344e+02
3.66691e+03 2.89379e+02
3.70025e+03 2.89414e+02
3.73358e+03 2.89449e+02
3.76692e+03 2.89483e+02
3.80025e+03 2.89517e+02
3.83359e+03 2.89550e+02
3.86692e+03 2.89584e+02
3.90026e+03 2.89617e+02
3.93360e+03 2.89649e+02
3.96693e+03 2.89682e+02
4.00027e+03 2.89714e+02
4.03360e+03 2.89746e+02
4.06694e+03 2.89777e+02
4.10027e+03 2.89808e+02
4.13361e+03 2.89839e+02
4.16694e+03 2.89870e+02
4.20028e+03 2.89900e+02
4.23362e+03 2.89930e+02
4.26695e+03 2.89960e+02
4.30029e+03 2.89989e+02
4.33362e+03 2.90018e+02
4.36696e+03 2.90047e+02
4.40029e+03 2.90076e+02
4.43363e+03 2.90104e+02
4.46696e+03 2.90132e+02
4.50030e+03 2.90160e+02
4.53364e+03 2.90187e+02
4.56697e+03 2.90214e+02
4.60031e+03 2.90241e+02
4.63364e+03 2.90268e+02
4.66698e+03 2.90294e+02
4.70031e+03 2.90320e+02
4.73365e+03 2.90346e+02
4.76698e+03 2.90371e+02
4.80032e+03 2.90397e+02
4.83366e+03 2.90421e+02
4.86699e+03 2.90446e+02
4.90033e+03 2.90471e+02
4.93366e+03 2.90495e+02
4.96700e+03 2.90519e+02
5.00033e+03 2.90543e+02
5.03367e+03 2.90566e+02
5.06700e+03 2.90589e+02
5.10034e+03 2.90612e+02
5.13368e+03 2.90635e+02
5.16701e+03 2.90657e+02
5.20035e+03 2.90680e+02
5.23368e+03 2.90702e+02
5.26702e+03 2.90723e+02
5.30035e+03 2.90745e+02
5.33369e+03 2.90766e+02
5.36702e+03 2.90787e+02
5.40036e+03 2.90808e+02
5.43370e+03 2.90829e+02
5.46703e+03 2.90849e+02
5.50037e+03 2.90869e+02
5.53370e+03 2.90889e+02
5.56704e+03 2.90909e+02
5.60037e+03 2.90929e+02
5.63371e+03 2.90948e+02
5.66704e+03 2.90967e+02
5.70038e+03 2.90986e+02
5.73372e+03 2.91004e+02
5.76705e+03 2.91023e+02
5.80039e+03 2.91041e+02
5.83372e+03 2.91059e+02
5.86706e+03 2.91077e+02
5.90039e+03 2.91095e+02
5.93373e+03 2.91112e+02
5.96706e+03 2.91129e+02
6.00040e+03 2.91146e+02
6.03374e+03 2.91163e+02
6.06707e+03 2.91180e+02
6.10041e+03 2.91197e+02
6.13374e+03 2.91213e+02
6.16708e+03 2.91229e+02
6.20041e+03 2.91245e+02
6.23375e+03 2.91261e+02
6.26708e+03 2.91276e+02
6.30042e+03 2.91292e+02
6.33376e+03 2.91307e+02
6.36709e+03 2.91322e+02
6.40043e+03 2.91337e+02
6.43376e+03 2.91352e+02
6.46710e+03 2.91366e+02
6.50043e+03 2.91380e+02
6.53377e+03 2.91395e+02
6.56710e+03 2.91409e+02
6.60044e+03 2.91423e+02
6.63378e+03 2.91436e+02
6.66711e+03 2.91450e+02
6.70045e+03 2.91463e+02
6.73378e+03 2.91477e+02
6.76712e+03 2.91490e+02
6.80045e+03 2.91503e+02
6.83379e+03 2.91516e+02
6.86712e+03 2.91528e+02
6.90046e+03 2.91541e+02
6.93380e+03 2.91553e+02
6.96713e+03 2.91565e+02
7.00047e+03 2.91577e+02
7.03380e+03 2.91589e+02
7.06714e+03 2.91601e+02
7.10047e+03 2.91613e+02
7.13381e+03 2.91624e+02
7.16714e+03 2.91636e+02
7.20048e+03 2.91647e+02
7.23382e+03 2.91658e+02
7.26715e+03 2.91669e+02
7.30049e+03 2.91680e+02
7.33382e+03 2.91691e+02
7.36716e+03 2.91701e+02
7.40049e+03 2.91712e+02
7.43383e+03 2.91722e+02
7.46716e+03 2.91733e+02
7.50050e+03 2.91743e+02
7.53384e+03 2.91753e+02
7.56717e+03 2.91763e+02
7.60051e+03 2.91772e+02
7.63384e+03 2.91782e+02
7.66718e+03 2.91792e+02
7.70051e+03 2.91801e+02
7.73385e+03 2.91810e+02
7.76718e+03 2.91820e+02
7.80052e+03 2.91829e+02
7.83386e+03 2.91838e+02
7.86719e+03 2.91847e+02
7.90053e+03 2.91856e+02
7.93386e+03 2.91864e+02
7.96720e+03 2.91873e+02
8.00053e+03 2.91881e+02
8.03387e+03 2.91890e+02
8.06720e+03 2.91898e+02
8.10054e+03 2.91906e+02
8.13388e+03 2.91914e+02
8.16721e+03 2.91922e+02
8.20055e+03 2.91930e+02
8.23388e+03 2.91938e+02
8.26722e+03 2.91946e+02
8.30055e+03 2.91953e+02
8.33389e+03 2.91961e+02
8.36722e+03 2.91968e+02
8.40056e+03 2.91976e+02
8.43390e+03 2.91983e+02
8.46723e+03 2.91990e+02
8.50057e+03 2.91997e+02
8.53390e+03 2.92004e+02
8.56724e+03 2.92011e+02
8.60057e+03 2.92018e+02
8.63391e+03 2.92025e+02
8.66724e+03 2.92031e+02
8.70058e+03 2.92038e+02
8.73392e+03 2.92045e+02
8.76725e+03 2.92051e+02
8.80059e+03 2.92057e+02
8.83392e+03 2.92064e+02
8.86726e+03 2.92070e+02
8.90059e+03 2.92076e+02
8.93393e+03 2.92082e+02
8.96726e+03 2.92088e+02
9.00060e+03 2.92094e+02
9.03394e+03 2.92100e+02
9.06727e+03 2.92106e+02
9.10061e+03 2.92111e+02
9.13394e+03 2.92117e+02
9.16728e+03 2.92123e+02
9.20061e+03 2.92128e+02
9.23395e+03 2.92134e+02
9.26728e+03 2.92139e+02
9.30062e+03 2.92144e+02
9.33396e+03 2.92150e+02
9.36729e+03 2.92155e+02
9.40063e+03 2.92160e+02
9.43396e+03 2.92165e+02
9.46730e+03 2.92170e+02
9.50063e+03 2.92175e+02
9.53397e+03 2.92180e+02
9.56730e+03 2.92185e+02
9.60064e+03 2.92189e+02
9.63398e+03 2.92194e+02
9.66731e+03 2.92199e+02
9.70065e+03 2.92203e+02
9.73398e+03 2.92208e+02
9.76732e+03 2.92212e+02
9.80065e+03 2.92217e+02
9.83399e+03 2.92221e+02
9.86732e+03 2.92226e+02
9.90066e+03 2.92230e+02
9.93400e+03 2.92234e+02
9.96733e+03 2.92238e+02
1.00007e+04 2.92242e+02
1.00340e+04 2.92246e+02
1.00673e+04 2.92250e+02
1.01007e+04 2.92254e+02
1.01340e+04 2.92258e+02
1.01673e+04 2.92262e+02
1.02007e+04 2.92266e+02
1.02340e+04 2.92270e+02
1.02674e+04 2.92274e+02
1.03007e+04 2.92277e+02
1.03340e+04 2.92281e+02
1.03674e+04 2.92285e+02
1.04007e+04 2.92288e+02
1.04340e+04 2.92292e+02
1.04674e+04 2.92295e+02
1.05007e+04 2.92299e+02
1.05340e+04 2.92302e+02
1.05674e+04 2.92305e+02
1.06007e+04 2.92309e+02
1.06340e+04 2.92312e+02
1.06674e+04 2.92315e+02
1.07007e+04 2.92318e+02
1.07340e+04 2.92322e+02
1.07674e+04 2.92325e+02
1.08007e+04 2.92328e+02
1.08341e+04 2.92331e+02
1.08674e+04 2.92334e+02
1.09007e+04 2.92337e+02
1.09341e+04 2.92340e+02
1.09674e+04 2.92343e+02
1.10007e+04 2.92345e+02
1.10341e+04 2.92348e+02
1.10674e+04 2.92351e+02
1.11007e+04 2.92354e+02
1.11341e+04 2.92357e+02
1.11674e+04 2.92359e+02
1.12007e+04 2.92362e+02
1.12341e+04 2.92365e+02
1.12674e+04 2.92367e+02
1.13008e+04 2.92370e+02
1.13341e+04 2.92372e+02
1.13674e+04 2.92375e+02
1.14008e+04 2.92377e+02
1.14341e+04 2.92380e+02
1.14674e+04 2.92382e+02
1.15008e+04 2.92385e+02
1.15341e+04 2.92387e+02
1.15674e+04 2.92389e+02
1.16008e+04 2.92391e+02
1.16341e+04 2.92394e+02
1.16674e+04 2.92396e+02
1.17008e+04 2.92398e+02
1.17341e+04 2.92400e+02
1.17675e+04 2.92403e+02
1.18008e+04 2.92405e+02
1.18341e+04 2.92407e+02
1.18675e+04 2.92409e+02
1.19008e+04 2.92411e+02
1.19341e+04 2.92413e+02
1.19675e+04 2.92415e+02
1.20008e+04 2.92417e+02
1.20341e+04 2.92419e+02
1.20675e+04 2.92421e+02
1.21008e+04 2.92423e+02
1.21341e+04 2.92425e+02
1.21675e+04 2.92427e+02
1.22008e+04 2.92428e+02
1.22341e+04 2.92430e+02
1.22675e+04 2.92432e+02
1.23008e+04 2.92434e+02
1.23342e+04 2.92436e+02
1.23675e+04 2.92437e+02
1.24008e+04 2.92439e+02
1.24342e+04 2.92441e+02
1.24675e+04 2.92442e+02
1.25008e+04 2.92444e+02
1.25342e+04 2.92446e+02
1.25675e+04 2.92447e+02
1.26008e+04 2.92449e+02
1.26342e+04 2.92451e+02
1.26675e+04 2.92452e+02
1.27008e+04 2.92454e+02
1.27342e+04 2.92455e+02
1.27675e+04 2.92457e+02
1.28009e+04 2.92458e+02
1.28342e+04 2.92460e+02
1.28675e+04 2.92461e+02
1.29009e+04 2.92462e+02
1.29342e+04 2.92464e+02
1.29675e+04 2.92465e+02
1.30009e+04 2.92467e+02
1.30342e+04 2.92468e+02
1.30675e+04 2.92469e+02
1.31009e+04 2.92471e+02
1.31342e+04 2.92472e+02
1.31675e+04 2.92473e+02
1.32009e+04 2.92475e+02
1.32342e+04 2.92476e+02
1.32676e+04 2.92477e+02
1.33009e+04 2.92478e+02
1.33342e+04 2.92480e+02
1.33676e+04 2.92481e+02
1.34009e+04 2.92482e+02
1.34342e+04 2.92483e+02
1.34676e+04 2.92484e+02
1.35009e+04 2.92485e+02
1.35342e+04 2.92487e+02
1.35676e+04 2.92488e+02
1.36009e+04 2.92489e+02
1.36342e+04 2.92490e+02
1.36676e+04 2.92491e+02
1.37009e+04 2.92492e+02
1.37342e+04 2.92493e+02
1.37676e+04 2.92494e+02
1.38009e+04 2.92495e+02
1.38343e+04 2.92496e+02
1.38676e+04 2.92497e+02
1.39009e+04 2.92498e+02
1.39343e+04 2.92499e+02
1.39676e+04 2.92500e+02
1.40009e+04 2.92501e+02
1.40343e+04 2.92502e+02
1.40676e+04 2.92503e+02
1.41009e+04 2.92504e+02
1.41343e+04 2.92505e+02
1.41676e+04 2.92506e+02
1.42009e+04 2.92507e+02
1.42343e+04 2.92507e+02
1.42676e+04 2.92508e+02
1.43010e+04 2.92509e+02
1.43343e+04 2.92510e+02
1.43676e+04 2.92511e+02
1.44010e+04 2.92512e+02
1.44343e+04 2.92512e+02
1.44676e+04 2.92513e+02
1.45010e+04 2.92514e+02
1.45343e+04 2.92515e+02
1.45676e+04 2.92516e+02
1.46010e+04 2.92516e+02
1.46343e+04 2.92517e+02
1.46676e+04 2.92518e+02
1.47010e+04 2.92519e+02
1.47343e+04 2.92519e+02
1.47677e+04 2.92520e+02
1.48010e+04 2.92521e+02
1.48343e+04 2.92521e+02
1.48677e+04 2.92522e+02
1.49010e+04 2.92523e+02
1.49343e+04 2.92524e+02
1.49677e+04 2.92524e+02
1.50010e+04 2.92525e+02
1.50343e+04 2.92526e+02
1.50677e+04 2.92526e+02
1.51010e+04 2.92527e+02
1.51343e+04 2.92527e+02
1.51677e+04 2.92528e+02
1.52010e+04 2.92529e+02
1.52343e+04 2.92529e+02
1.52677e+04 2.92530e+02
1.53010e+04 2.92530e+02
1.53344e+04 2.92531e+02
1.53677e+04 2.92532e+02
1.54010e+04 2.92532e+02
1.54344e+04 2.92533e+02
1.54677e+04 2.92533e+02
1.55010e+04 2.92534e+02
1.55344e+04 2.92534e+02
1.55677e+04 2.92535e+02
1.56010e+04 2.92535e+02
1.56344e+04 2.92536e+02
1.56677e+04 2.92537e+02
1.57010e+04 2.92537e+02
1.57344e+04 2.92538e+02
1.57677e+04 2.92538e+02
1.58011e+04 2.92539e+02
1.58344e+04 2.92539e+02
1.58677e+04 2.92540e+02
1.59011e+04 2.92540e+02
1.59344e+04 2.92540e+02
1.59677e+04 2.92541e+02
1.60011e+04 2.92541e+02
1.60344e+04 2.92542e+02
1.60677e+04 2.92542e+02
1.61011e+04 2.92543e+02
1.61344e+04 2.92543e+02
1.61677e+04 2.92544e+02
1.62011e+04 2.92544e+02
1.62344e+04 2.92544e+02
1.62678e+04 2.92545e+02
1.63011e+04 2.92545e+02
1.63344e+04 2.92546e+02
1.63678e+04 2.92546e+02
1.64011e+04 2.92546e+02
1.64344e+04 2.92547e+02
1.64678e+04 2.92547e+02
1.65011e+04 2.92548e+02
1.65344e+04 2.92548e+02
1.65678e+04 2.92548e+02
1.66011e+04 2.92549e+02
1.66344e+04 2.92549e+02
1.66678e+04 2.92549e+02
1.67011e+04 2.92550e+02
1.67344e+04 2.92550e+02
1.67678e+04 2.92550e+02
1.68011e+04 2.92551e+02
1.68345e+04 2.92551e+02
1.68678e+04 2.92552e+02
1.69011e+04 2.92552e+02
1.69345e+04 2.92552e+02
1.69678e+04 2.92552e+02
1.70011e+04 2.92553e+02
1.70345e+04 2.92553e+02
1.70678e+04 2.92553e+02
1.71011e+04 2.92554e+02
1.71345e+04 2.92554e+02
1.71678e+04 2.92554e+02
1.72011e+04 2.92555e+02
1.72345e+04 2.92555e+02
1.72678e+04 2.92555e+02
1.73012e+04 2.92555e+02
1.73345e+04 2.92556e+02
1.73678e+04 2.92556e+02
1.74012e+04 2.92556e+02
1.74345e+04 2.92557e+02
1.74678e+04 2.92557e+02
1.75012e+04 2.92557e+02
1.75345e+04 2.92557e+02
1.75678e+04 2.92558e+02
1.76012e+04 2.92558e+02
1.76345e+04 2.92558e+02
1.76678e+04 2.92558e+02
1.77012e+04 2.92559e+02
1.77345e+04 2.92559e+02
1.77679e+04 2.92559e+02
1.78012e+04 2.92559e+02
1.78345e+04 2.92560e+02
1.78679e+04 2.92560e+02
1.79012e+04 2.92560e+02
1.79345e+04 2.92560e+02
1.79679e+04 2.92561e+02
1.80012e+04 2.92561e+02
1.80345e+04 2.92561e+02
1.80679e+04 2.92561e+02
1.81012e+04 2.92561e+02
1.81345e+04 2.92562e+02
1.81679e+04 2.92562e+02
1.82012e+04 2.92562e+02
1.82345e+04 2.92562e+02
1.82679e+04 2.92562e+02
1.83012e+04 2.92563e+02
1.83346e+04 2.92563e+02
1.83679e+04 2.92563e+02
1.84012e+04 2.92563e+02
1.84346e+04 2.92563e+02
1.84679e+04 2.92564e+02
1.85012e+04 2.92564e+02
1.85346e+04 2.92564e+02
1.85679e+04 2.92564e+02
1.86012e+04 2.92564e+02
1.86346e+04 2.92564e+02
1.86679e+04 2.92565e+02
1.87012e+04 2.92565e+02
1.87346e+04 2.92565e+02
1.87679e+04 2.92565e+02
1.88013e+04 2.92565e+02
1.88346e+04 2.92565e+02
1.88679e+04 2.92566e+02
1.89013e+04 2.92566e+02
1.89346e+04 2.92566e+02
1.89679e+04 2.92566e+02
1.90013e+04 2.92566e+02
1.90346e+04 2.92566e+02
1.90679e+04 2.92567e+02
1.91013e+04 2.92567e+02
1.91346e+04 2.92567e+02
1.91679e+04 2.92567e+02
1.92013e+04 2.92567e+02
1.92346e+04 2.92567e+02
1.92680e+04 2.92567e+02
1.93013e+04 2.92567e+02
1.93346e+04 2.92568e+02
1.93680e+04 2.92568e+02
1.94013e+04 2.92568e+02
1.94346e+04 2.92568e+02
1.94680e+04 2.92568e+02
1.95013e+04 2.92568e+02
1.95346e+04 2.92568e+02
1.95680e+04 2.92569e+02
1.96013e+04 2.92569e+02
1.96346e+04 2.92569e+02
1.96680e+04 2.92569e+02
1.97013e+04 2.92569e+02
1.97346e+04 2.92569e+02
1.97680e+04 2.92569e+02
1.98013e+04 2.92569e+02
1.98347e+04 2.92569e+02
1.98680e+04 2.92570e+02
1.99013e+04 2.92570e+02
1.99347e+04 2.92570e+02
1.99680e+04 2.92570e+02
