3.200000000000000000e+02 1.650000000000000000e+03
3.202811244979919820e+02 1.650000000000000000e+03
3.205622489959839641e+02 1.650000000000000000e+03
3.208433734939758892e+02 1.650000000000000000e+03
3.211244979919678713e+02 1.650000000000000000e+03
3.214056224899598533e+02 1.650000000000000000e+03
3.216867469879518353e+02 1.650000000000000000e+03
3.219678714859437605e+02 1.650000000000000000e+03
3.222489959839357425e+02 1.650000000000000000e+03
3.225301204819277245e+02 1.650000000000000000e+03
3.228112449799197066e+02 1.650000000000000000e+03
3.230923694779116317e+02 1.650000000000000000e+03
3.233734939759036138e+02 1.650000000000000000e+03
3.236546184738955958e+02 1.650000000000000000e+03
3.239357429718875778e+02 1.650000000000000000e+03
3.242168674698795030e+02 1.650000000000000000e+03
3.244979919678714850e+02 1.650000000000000000e+03
3.247791164658634671e+02 1.650000000000000000e+03
3.250602409638554491e+02 1.650000000000000000e+03
3.253413654618473743e+02 1.650000000000000000e+03
3.256224899598393563e+02 1.650000000000000000e+03
3.259036144578313383e+02 1.650000000000000000e+03
3.261847389558233203e+02 1.650000000000000000e+03
3.264658634538152455e+02 1.650000000000000000e+03
3.267469879518072275e+02 1.650000000000000000e+03
3.270281124497992096e+02 1.650000000000000000e+03
3.273092369477911916e+02 1.650000000000000000e+03
3.275903614457831168e+02 1.650000000000000000e+03
3.278714859437750988e+02 1.650000000000000000e+03
3.281526104417670808e+02 1.650000000000000000e+03
3.284337349397590629e+02 1.650000000000000000e+03
3.287148594377509880e+02 1.650000000000000000e+03
3.289959839357429701e+02 1.650000000000000000e+03
3.292771084337349521e+02 1.650000000000000000e+03
3.295582329317269341e+02 1.650000000000000000e+03
3.298393574297188593e+02 1.650000000000000000e+03
3.301204819277108413e+02 1.650000000000000000e+03
3.304016064257028233e+02 1.650000000000000000e+03
3.306827309236948054e+02 1.650000000000000000e+03
3.309638554216867306e+02 1.650000000000000000e+03
3.312449799196787126e+02 1.650000000000000000e+03
3.315261044176706946e+02 1.650000000000000000e+03
3.318072289156626766e+02 1.650000000000000000e+03
3.320883534136546018e+02 1.650000000000000000e+03
3.323694779116465838e+02 1.650000000000000000e+03
3.326506024096385659e+02 1.650000000000000227e+03
3.329317269076305479e+02 1.650000000000000682e+03
3.332128514056224731e+02 1.650000000000001819e+03
3.334939759036144551e+02 1.650000000000004547e+03
3.337751004016064371e+02 1.650000000000011823e+03
3.340562248995984191e+02 1.650000000000030468e+03
3.343373493975903443e+02 1.650000000000077307e+03
3.346184738955823263e+02 1.650000000000193722e+03
3.348995983935743084e+02 1.650000000000479531e+03
3.351807228915662904e+02 1.650000000001171202e+03
3.354618473895582156e+02 1.650000000002824436e+03
3.357429718875501976e+02 1.650000000006723894e+03
3.360240963855421796e+02 1.650000000015802016e+03
3.363052208835341617e+02 1.650000000036659912e+03
3.365863453815260868e+02 1.650000000083959549e+03
3.368674698795180689e+02 1.650000000189821321e+03
3.371485943775100509e+02 1.650000000423658548e+03
3.374297188755020329e+02 1.650000000933432602e+03
3.377108433734939581e+02 1.650000002030235237e+03
3.379919678714859401e+02 1.650000004359192644e+03
3.382730923694779221e+02 1.650000009239788369e+03
3.385542168674699042e+02 1.650000019333669115e+03
3.388353413654618294e+02 1.650000039935840277e+03
3.391164658634538114e+02 1.650000081434355707e+03
3.393975903614457934e+02 1.650000163926358937e+03
3.396787148594377754e+02 1.650000325751340370e+03
3.399598393574297006e+02 1.650000639028048226e+03
3.402409638554216826e+02 1.650001237513429487e+03
3.405220883534136647e+02 1.650002365790105614e+03
3.408032128514056467e+02 1.650004464766925594e+03
3.410843373493975719e+02 1.650008317976022454e+03
3.413654618473895539e+02 1.650015297935536864e+03
3.416465863453815359e+02 1.650027774374019600e+03
3.419277108433735179e+02 1.650049779671142232e+03
3.422088353413654431e+02 1.650088075690664482e+03
3.424899598393574252e+02 1.650153835434446819e+03
3.427710843373494072e+02 1.650265248537403750e+03
3.430522088353413892e+02 1.650451487679993306e+03
3.433333333333333144e+02 1.650758638887514735e+03
3.436144578313252964e+02 1.651258405442870981e+03
3.438955823293172784e+02 1.652060641139411700e+03
3.441767068273092605e+02 1.653331044500181861e+03
3.444578313253011856e+02 1.655315630611488814e+03
3.447389558232931677e+02 1.658373855136940165e+03
3.450200803212851497e+02 1.663022440565558554e+03
3.453012048192771317e+02 1.669991971086908052e+03
3.455823293172690569e+02 1.680298082002304454e+03
3.458634538152610389e+02 1.695328458378805408e+03
3.461445783132530210e+02 1.716945756238249260e+03
3.464257028112450030e+02 1.747604860557817801e+03
3.467068273092369282e+02 1.790480527542132450e+03
3.469879518072289102e+02 1.849598422323580053e+03
3.472690763052208922e+02 1.929958958728258494e+03
3.475502008032128742e+02 2.037639411444935149e+03
3.478313253012047994e+02 2.179855896921201747e+03
3.481124497991967814e+02 2.364963563099286148e+03
3.483935742971887635e+02 2.602371382818745587e+03
3.486746987951807455e+02 2.902348083589447015e+03
3.489558232931726707e+02 3.275698722940576772e+03
3.492369477911646527e+02 3.733297843177599134e+03
3.495180722891566347e+02 4.285475325512690688e+03
3.497991967871486167e+02 4.941264878609993502e+03
3.500803212851405419e+02 5.707541840891795800e+03
3.503614457831325240e+02 6.588095322059620230e+03
3.506425702811245060e+02 7.582697731552332698e+03
3.509236947791164880e+02 8.686250056200962717e+03
3.512048192771084132e+02 9.888091268184114597e+03
3.514859437751003952e+02 1.117156252657819459e+04
3.517670682730923772e+02 1.251390949423536767e+04
3.520481927710843593e+02 1.388658819512793707e+04
3.523293172690762844e+02 1.525601173379756074e+04
3.526104417670682665e+02 1.658473868878733265e+04
3.528915662650602485e+02 1.783306229413174151e+04
3.531726907630522305e+02 1.896091700313266847e+04
3.534538152610441557e+02 1.992998070815355459e+04
3.537349397590361377e+02 2.070582178749358718e+04
3.540160642570281198e+02 2.125992455029235498e+04
3.542971887550201018e+02 2.157142741875492356e+04
3.545783132530120270e+02 2.162842625160246826e+04
3.548594377510040090e+02 2.142872931070144477e+04
3.551405622489959910e+02 2.097999712334769356e+04
3.554216867469879730e+02 2.029925479832892233e+04
3.557028112449798982e+02 1.941182007652153698e+04
3.559839357429718802e+02 1.834974120185742504e+04
3.562650602409638623e+02 1.714987893149214142e+04
3.565461847389558443e+02 1.585179245612170234e+04
3.568273092369477695e+02 1.449559744270876763e+04
3.571084337349397515e+02 1.311995581269518152e+04
3.573895582329317335e+02 1.176033328689706832e+04
3.576706827309237156e+02 1.044762589741423653e+04
3.579518072289156407e+02 9.207215370905782038e+03
3.582329317269076228e+02 8.058470634600450467e+03
3.585140562248996048e+02 7.014673415061012747e+03
3.587951807228915868e+02 6.083313763778707653e+03
3.590763052208835120e+02 5.266678799623578016e+03
3.593574297188754940e+02 4.562645987318448533e+03
3.596385542168674760e+02 3.965590476212185877e+03
3.599196787148594581e+02 3.467322894182223081e+03
3.602008032128513833e+02 3.057987280340051257e+03
3.604819277108433653e+02 2.726865976645876799e+03
3.607630522088353473e+02 2.463056770535872147e+03
3.610441767068273293e+02 2.256005235455311777e+03
3.613253012048192545e+02 2.095890451555240816e+03
3.616064257028112365e+02 1.973874129779792838e+03
3.618875502008032186e+02 1.882231237520405784e+03
3.621686746987952006e+02 1.814384666331772223e+03
3.624497991967871258e+02 1.764867789347022381e+03
3.627309236947791078e+02 1.729237636384316147e+03
3.630120481927710898e+02 1.703958647102459281e+03
3.632931726907630718e+02 1.686273284534457389e+03
3.635742971887549970e+02 1.674071824235122222e+03
3.638554216867469790e+02 1.665769844659826049e+03
3.641365461847389611e+02 1.660198636611027268e+03
3.644176706827309431e+02 1.656511081186338288e+03
3.646987951807228683e+02 1.654103556279934537e+03
3.649799196787148503e+02 1.652553077323789239e+03
3.652610441767068323e+02 1.651568064175987274e+03
3.655421686746988144e+02 1.650950736108280125e+03
3.658232931726907395e+02 1.650569052629409953e+03
3.661044176706827216e+02 1.650336233646829669e+03
3.663855421686747036e+02 1.650196121947999927e+03
3.666666666666666856e+02 1.650112929528818313e+03
3.669477911646586108e+02 1.650064192623392273e+03
3.672289156626505928e+02 1.650036021270249421e+03
3.675100401606425748e+02 1.650019953965332661e+03
3.677911646586345569e+02 1.650010911782321045e+03
3.680722891566264821e+02 1.650005890585507814e+03
3.683534136546184641e+02 1.650003139189449939e+03
3.686345381526104461e+02 1.650001651478325584e+03
3.689156626506024281e+02 1.650000857678495322e+03
3.691967871485943533e+02 1.650000439716188112e+03
3.694779116465863353e+02 1.650000222544404096e+03
3.697590361445783174e+02 1.650000111187814355e+03
3.700401606425702994e+02 1.650000054839564655e+03
3.703212851405622246e+02 1.650000026700973422e+03
3.706024096385542066e+02 1.650000012833835854e+03
3.708835341365461886e+02 1.650000006089507224e+03
3.711646586345381706e+02 1.650000002852358648e+03
3.714457831325300958e+02 1.650000001318931936e+03
3.717269076305220779e+02 1.650000000602056161e+03
3.720080321285140599e+02 1.650000000271298632e+03
3.722891566265060419e+02 1.650000000120685399e+03
3.725702811244979671e+02 1.650000000052997848e+03
3.728514056224899491e+02 1.650000000022975200e+03
3.731325301204819311e+02 1.650000000009832320e+03
3.734136546184739132e+02 1.650000000004153890e+03
3.736947791164658383e+02 1.650000000001732360e+03
3.739759036144578204e+02 1.650000000000713271e+03
3.742570281124498024e+02 1.650000000000289901e+03
3.745381526104417844e+02 1.650000000000116188e+03
3.748192771084337664e+02 1.650000000000046157e+03
3.751004016064256916e+02 1.650000000000017963e+03
3.753815261044176737e+02 1.650000000000007049e+03
3.756626506024096557e+02 1.650000000000002728e+03
3.759437751004015809e+02 1.650000000000000909e+03
3.762248995983935629e+02 1.650000000000000455e+03
3.765060240963855449e+02 1.650000000000000227e+03
3.767871485943775269e+02 1.650000000000000000e+03
3.770682730923695090e+02 1.650000000000000000e+03
3.773493975903614341e+02 1.650000000000000000e+03
3.776305220883534162e+02 1.650000000000000000e+03
3.779116465863453982e+02 1.650000000000000000e+03
3.781927710843373234e+02 1.650000000000000000e+03
3.784738955823293054e+02 1.650000000000000000e+03
3.787550200803212874e+02 1.650000000000000000e+03
3.790361445783132694e+02 1.650000000000000000e+03
3.793172690763052515e+02 1.650000000000000000e+03
3.795983935742971767e+02 1.650000000000000000e+03
3.798795180722891587e+02 1.650000000000000000e+03
3.801606425702811407e+02 1.650000000000000000e+03
3.804417670682730659e+02 1.650000000000000000e+03
3.807228915662650479e+02 1.650000000000000000e+03
3.810040160642570299e+02 1.650000000000000000e+03
3.812851405622490120e+02 1.650000000000000000e+03
3.815662650602409940e+02 1.650000000000000000e+03
3.818473895582329192e+02 1.650000000000000000e+03
3.821285140562249012e+02 1.650000000000000000e+03
3.824096385542168832e+02 1.650000000000000000e+03
3.826907630522088084e+02 1.650000000000000000e+03
3.829718875502007904e+02 1.650000000000000000e+03
3.832530120481927725e+02 1.650000000000000000e+03
3.835341365461847545e+02 1.650000000000000000e+03
3.838152610441767365e+02 1.650000000000000000e+03
3.840963855421686617e+02 1.650000000000000000e+03
3.843775100401606437e+02 1.650000000000000000e+03
3.846586345381526257e+02 1.650000000000000000e+03
3.849397590361445509e+02 1.650000000000000000e+03
3.852208835341365329e+02 1.650000000000000000e+03
3.855020080321285150e+02 1.650000000000000000e+03
3.857831325301204970e+02 1.650000000000000000e+03
3.860642570281124790e+02 1.650000000000000000e+03
3.863453815261044042e+02 1.650000000000000000e+03
3.866265060240963862e+02 1.650000000000000000e+03
3.869076305220883683e+02 1.650000000000000000e+03
3.871887550200802934e+02 1.650000000000000000e+03
3.874698795180722755e+02 1.650000000000000000e+03
3.877510040160642575e+02 1.650000000000000000e+03
3.880321285140562395e+02 1.650000000000000000e+03
3.883132530120482215e+02 1.650000000000000000e+03
3.885943775100401467e+02 1.650000000000000000e+03
3.888755020080321287e+02 1.650000000000000000e+03
3.891566265060241108e+02 1.650000000000000000e+03
3.894377510040160359e+02 1.650000000000000000e+03
3.897188755020080180e+02 1.650000000000000000e+03
3.900000000000000000e+02 1.650000000000000000e+03
