0.0000	5780.6	104.06	373.15	373.15
10.000	5750.9	464.71	373.06	373.15
20.000	5742.1	723.77	372.89	373.04
30.000	5513.2	953.73	372.68	369.71
40.000	4821.6	1164.1	372.42	360.43
50.000	3900.4	1345.8	372.14	349.10
60.000	3201.7	1477.3	371.83	341.21
70.000	2692.3	1576.0	371.52	335.69
80.000	2349.5	1645.6	371.21	332.11
90.000	2140.7	1689.1	370.91	329.97
100.00	2053.1	1705.1	370.62	329.10
110.00	1974.9	1718.4	370.33	328.30
120.00	1913.7	1727.5	370.05	327.69
130.00	1881.6	1728.7	369.77	327.35
140.00	1849.6	1729.9	369.50	327.01
150.00	1833.4	1727.0	369.24	326.85
160.00	1821.1	1722.8	368.99	326.71
170.00	1808.7	1718.6	368.73	326.58
180.00	1796.3	1714.4	368.48	326.44
190.00	1783.9	1710.2	368.22	326.31
200.00	1775.3	1705.5	367.99	326.21
210.00	1768.3	1700.4	367.76	326.14
220.00	1761.4	1695.3	367.54	326.06
230.00	1754.5	1690.2	367.31	325.98
240.00	1747.6	1685.1	367.08	325.90
250.00	1740.7	1680.0	366.86	325.82
260.00	1733.8	1675.0	366.63	325.75
270.00	1726.8	1669.9	366.41	325.67
280.00	1719.9	1664.8	366.18	325.59
290.00	1713.0	1659.7	365.96	325.51
300.00	1706.7	1654.8	365.75	325.44
310.00	1701.1	1650.1	365.55	325.38
320.00	1695.5	1645.4	365.35	325.31
330.00	1689.9	1640.8	365.16	325.25
340.00	1684.4	1636.1	364.96	325.18
350.00	1678.8	1631.4	364.77	325.12
360.00	1673.2	1626.8	364.57	325.05
370.00	1667.6	1622.1	364.37	324.99
380.00	1662.0	1617.5	364.18	324.93
390.00	1656.4	1612.8	363.98	324.86
400.00	1651.2	1608.3	363.80	324.80
410.00	1647.0	1604.8	363.66	324.75
420.00	1642.8	1601.2	363.52	324.70
430.00	1638.6	1597.6	363.38	324.65
440.00	1634.4	1594.1	363.23	324.60
450.00	1630.1	1590.5	363.09	324.55
460.00	1625.9	1586.9	362.95	324.50
470.00	1621.7	1583.4	362.81	324.45
480.00	1617.5	1579.8	362.67	324.40
490.00	1613.3	1576.3	362.53	324.35
500.00	1609.1	1572.7	362.39	324.30
510.00	1604.9	1569.2	362.24	324.25
520.00	1600.7	1565.6	362.10	324.20
530.00	1596.5	1562.0	361.96	324.15
540.00	1592.3	1558.5	361.82	324.10
550.00	1588.1	1554.9	361.68	324.05
560.00	1583.9	1551.4	361.54	324.00
570.00	1579.7	1547.9	361.39	323.95
580.00	1575.5	1544.3	361.25	323.90
590.00	1571.3	1540.8	361.11	323.85
600.00	1567.1	1537.2	360.97	323.80
610.00	1563.9	1534.5	360.87	323.76
620.00	1561.1	1532.2	360.78	323.72
630.00	1558.3	1529.9	360.69	323.69
640.00	1555.4	1527.5	360.60	323.66
650.00	1552.6	1525.2	360.51	323.62
660.00	1549.8	1522.9	360.42	323.59
670.00	1547.0	1520.6	360.33	323.55
680.00	1544.2	1518.3	360.24	323.52
690.00	1541.3	1516.0	360.15	323.48
700.00	1538.5	1513.7	360.05	323.45
710.00	1535.7	1511.4	359.96	323.41
720.00	1532.9	1509.1	359.87	323.38
730.00	1530.0	1506.7	359.78	323.34
740.00	1527.2	1504.4	359.69	323.31
750.00	1524.4	1502.1	359.60	323.28
760.00	1521.6	1499.8	359.51	323.24
770.00	1518.8	1497.5	359.42	323.21
780.00	1515.9	1495.2	359.33	323.17
790.00	1513.1	1492.9	359.24	323.14
800.00	1510.3	1490.6	359.15	323.10
810.00	1507.7	1488.2	359.07	323.07
820.00	1505.8	1486.5	359.01	323.05
830.00	1503.9	1484.9	358.94	323.03
840.00	1501.9	1483.2	358.88	323.00
850.00	1500.0	1481.5	358.82	322.98
860.00	1498.1	1479.8	358.76	322.96
870.00	1496.1	1478.1	358.70	322.94
880.00	1494.2	1476.5	358.64	322.91
890.00	1492.3	1474.8	358.57	322.89
900.00	1490.3	1473.1	358.51	322.87
910.00	1488.4	1471.4	358.45	322.84
920.00	1486.5	1469.7	358.39	322.82
930.00	1484.5	1468.1	358.33	322.80
940.00	1482.6	1466.4	358.26	322.78
950.00	1480.7	1464.7	358.20	322.75
960.00	1478.7	1463.0	358.14	322.73
970.00	1476.8	1461.3	358.08	322.71
980.00	1474.8	1459.7	358.02	322.68
990.00	1472.9	1458.0	357.96	322.66
1000.0	1471.0	1456.3	357.89	322.64
1010.0	1469.0	1454.6	357.83	322.62
1020.0	1467.5	1452.9	357.78	322.60
1030.0	1465.9	1451.5	357.73	322.58
1040.0	1464.4	1450.1	357.68	322.56
1050.0	1462.9	1448.7	357.63	322.55
1060.0	1461.4	1447.3	357.58	322.53
1070.0	1459.9	1445.8	357.53	322.51
1080.0	1458.4	1444.4	357.48	322.49
1090.0	1456.8	1443.0	357.43	322.48
1100.0	1455.3	1441.6	357.38	322.46
1110.0	1453.8	1440.1	357.32	322.44
1120.0	1452.3	1438.7	357.27	322.43
1130.0	1450.8	1437.3	357.22	322.41
1140.0	1449.2	1435.9	357.17	322.39
1150.0	1447.7	1434.5	357.12	322.37
1160.0	1446.2	1433.0	357.07	322.36
1170.0	1444.7	1431.6	357.02	322.34
1180.0	1443.2	1430.2	356.97	322.32
1190.0	1441.7	1428.8	356.92	322.30
1200.0	1440.1	1427.3	356.87	322.29
1210.0	1438.6	1425.9	356.82	322.27
1220.0	1437.2	1424.4	356.77	322.25
1230.0	1435.9	1423.2	356.72	322.24
1240.0	1434.6	1421.9	356.68	322.23
1250.0	1433.3	1420.6	356.63	322.21
1260.0	1432.0	1419.4	356.59	322.20
1270.0	1430.7	1418.1	356.54	322.18
1280.0	1429.3	1416.8	356.50	322.17
1290.0	1428.0	1415.6	356.45	322.15
1300.0	1426.7	1414.3	356.40	322.14
1310.0	1425.4	1413.0	356.36	322.12
1320.0	1424.1	1411.8	356.31	322.11
1330.0	1422.8	1410.5	356.27	322.09
1340.0	1421.5	1409.2	356.22	322.08
1350.0	1420.2	1408.0	356.17	322.07
1360.0	1418.9	1406.7	356.13	322.05
1370.0	1417.6	1405.4	356.08	322.04
1380.0	1416.3	1404.2	356.04	322.02
1390.0	1415.0	1402.9	355.99	322.01
1400.0	1413.7	1401.6	355.95	321.99
1410.0	1412.3	1400.4	355.90	321.98
1420.0	1411.0	1399.1	355.85	321.96
1430.0	1409.8	1397.8	355.81	321.95
1440.0	1408.6	1396.7	355.77	321.94
1450.0	1407.5	1395.5	355.72	321.92
1460.0	1406.3	1394.3	355.68	321.91
1470.0	1405.1	1393.2	355.64	321.90
1480.0	1403.9	1392.0	355.59	321.89
1490.0	1402.7	1390.8	355.55	321.87
1500.0	1401.5	1389.6	355.50	321.86
1510.0	1400.3	1388.5	355.46	321.85
1520.0	1399.1	1387.3	355.42	321.83
1530.0	1397.9	1386.1	355.37	321.82
1540.0	1396.7	1385.0	355.33	321.81
1550.0	1395.6	1383.8	355.28	321.79
1560.0	1394.4	1382.6	355.24	321.78
1570.0	1393.2	1381.4	355.20	321.77
1580.0	1392.0	1380.3	355.15	321.75
1590.0	1390.8	1379.1	355.11	321.74
1600.0	1389.6	1377.9	355.07	321.73
1610.0	1388.4	1376.8	355.02	321.72
1620.0	1387.2	1375.6	354.98	321.70
1630.0	1386.1	1374.4	354.93	321.69
1640.0	1384.9	1373.3	354.89	321.68
1650.0	1383.8	1372.1	354.85	321.67
1660.0	1382.7	1371.0	354.80	321.65
1670.0	1381.6	1369.9	354.76	321.64
1680.0	1380.4	1368.8	354.72	321.63
1690.0	1379.3	1367.7	354.67	321.62
1700.0	1378.2	1366.5	354.63	321.60
1710.0	1377.1	1365.4	354.59	321.59
1720.0	1375.9	1364.3	354.54	321.58
1730.0	1374.8	1363.2	354.50	321.57
1740.0	1373.7	1362.1	354.46	321.56
1750.0	1372.6	1361.0	354.41	321.54
1760.0	1371.5	1359.8	354.37	321.53
1770.0	1370.3	1358.7	354.33	321.52
1780.0	1369.2	1357.6	354.28	321.51
1790.0	1368.1	1356.5	354.24	321.50
1800.0	1367.0	1355.4	354.20	321.48
1810.0	1365.8	1354.3	354.15	321.47
1820.0	1364.7	1353.1	354.11	321.46
1830.0	1363.6	1352.0	354.07	321.45
1840.0	1362.5	1350.9	354.02	321.44
1850.0	1361.4	1349.8	353.98	321.42
1860.0	1360.3	1348.7	353.93	321.41
1870.0	1359.2	1347.6	353.89	321.40
1880.0	1358.2	1346.5	353.85	321.39
1890.0	1357.1	1345.4	353.80	321.38
1900.0	1356.0	1344.3	353.76	321.37
1910.0	1354.9	1343.3	353.72	321.35
1920.0	1353.8	1342.2	353.67	321.34
1930.0	1352.7	1341.1	353.63	321.33
1940.0	1351.6	1340.0	353.58	321.32
1950.0	1350.6	1338.9	353.54	321.31
1960.0	1349.5	1337.8	353.50	321.30
1970.0	1348.4	1336.7	353.45	321.28
1980.0	1347.3	1335.6	353.41	321.27
1990.0	1346.2	1334.5	353.37	321.26
2000.0	1345.1	1333.4	353.32	321.25
2010.0	1344.0	1332.4	353.28	321.24
2020.0	1342.9	1331.3	353.23	321.23
2030.0	1341.9	1330.2	353.19	321.21
2040.0	1340.8	1329.1	353.15	321.20
2050.0	1339.7	1328.0	353.10	321.19
2060.0	1338.6	1326.9	353.06	321.18
2070.0	1337.6	1325.8	353.01	321.17
2080.0	1336.5	1324.7	352.97	321.16
2090.0	1335.4	1323.7	352.92	321.15
2100.0	1334.4	1322.6	352.88	321.13
2110.0	1333.3	1321.5	352.83	321.12
2120.0	1332.2	1320.4	352.79	321.11
2130.0	1331.1	1319.3	352.74	321.10
2140.0	1330.1	1318.3	352.70	321.09
2150.0	1329.0	1317.2	352.65	321.08
2160.0	1327.9	1316.1	352.61	321.07
2170.0	1326.9	1315.0	352.56	321.05
2180.0	1325.8	1313.9	352.52	321.04
2190.0	1324.7	1312.9	352.47	321.03
2200.0	1323.7	1311.8	352.43	321.02
2210.0	1322.6	1310.7	352.38	321.01
2220.0	1321.5	1309.6	352.34	321.00
2230.0	1320.4	1308.5	352.29	320.99
2240.0	1319.4	1307.4	352.25	320.97
2250.0	1318.3	1306.4	352.20	320.96
2260.0	1317.2	1305.3	352.16	320.95
2270.0	1316.2	1304.2	352.11	320.94
2280.0	1315.1	1303.1	352.06	320.93
2290.0	1314.0	1302.0	352.02	320.92
2300.0	1313.0	1300.9	351.97	320.91
2310.0	1311.9	1299.9	351.93	320.90
2320.0	1310.8	1298.8	351.88	320.88
2330.0	1309.8	1297.7	351.83	320.87
2340.0	1308.7	1296.6	351.79	320.86
2350.0	1307.6	1295.5	351.74	320.85
2360.0	1306.5	1294.4	351.70	320.84
2370.0	1305.5	1293.4	351.65	320.83
2380.0	1304.4	1292.3	351.60	320.82
2390.0	1303.3	1291.2	351.56	320.80
2400.0	1302.3	1290.1	351.51	320.79
2410.0	1301.2	1289.0	351.46	320.78
2420.0	1300.1	1287.9	351.42	320.77
2430.0	1299.1	1286.9	351.37	320.76
2440.0	1298.0	1285.8	351.33	320.75
2450.0	1296.9	1284.7	351.28	320.74
2460.0	1295.8	1283.6	351.23	320.73
2470.0	1294.7	1282.5	351.18	320.71
2480.0	1293.7	1281.4	351.13	320.70
2490.0	1292.6	1280.3	351.09	320.69
2500.0	1291.5	1279.2	351.04	320.68
2510.0	1290.4	1278.1	350.99	320.67
2520.0	1289.3	1277.0	350.94	320.66
2530.0	1288.3	1275.9	350.89	320.65
2540.0	1287.2	1274.8	350.85	320.63
2550.0	1286.1	1273.7	350.80	320.62
2560.0	1285.0	1272.6	350.75	320.61
2570.0	1283.9	1271.5	350.70	320.60
2580.0	1282.9	1270.4	350.65	320.59
2590.0	1281.8	1269.3	350.61	320.58
2600.0	1280.7	1268.2	350.56	320.57
2610.0	1279.6	1267.1	350.51	320.55
2620.0	1278.5	1266.0	350.46	320.54
2630.0	1277.4	1264.9	350.41	320.53
2640.0	1276.4	1263.8	350.37	320.52
2650.0	1275.3	1262.7	350.32	320.51
2660.0	1274.2	1261.5	350.27	320.50
2670.0	1273.1	1260.4	350.22	320.49
2680.0	1272.0	1259.3	350.17	320.47
2690.0	1270.9	1258.2	350.12	320.46
2700.0	1269.8	1257.0	350.07	320.45
2710.0	1268.7	1255.9	350.02	320.44
2720.0	1267.6	1254.8	349.97	320.43
2730.0	1266.5	1253.7	349.92	320.42
2740.0	1265.4	1252.5	349.87	320.40
2750.0	1264.3	1251.4	349.82	320.39
2760.0	1263.1	1250.3	349.77	320.38
2770.0	1262.0	1249.2	349.72	320.37
2780.0	1260.9	1248.0	349.67	320.36
2790.0	1259.8	1246.9	349.62	320.35
2800.0	1258.7	1245.8	349.57	320.34
2810.0	1257.6	1244.7	349.52	320.32
2820.0	1256.5	1243.5	349.47	320.31
2830.0	1255.4	1242.4	349.42	320.30
2840.0	1254.3	1241.3	349.37	320.29
2850.0	1253.2	1240.2	349.32	320.28
2860.0	1252.1	1239.0	349.27	320.27
2870.0	1251.0	1237.9	349.21	320.25
2880.0	1249.8	1236.7	349.16	320.24
2890.0	1248.7	1235.5	349.11	320.23
2900.0	1247.6	1234.4	349.06	320.22
2910.0	1246.4	1233.2	349.00	320.21
2920.0	1245.3	1232.1	348.95	320.20
2930.0	1244.2	1230.9	348.90	320.18
2940.0	1243.0	1229.7	348.85	320.17
2950.0	1241.9	1228.6	348.79	320.16
2960.0	1240.8	1227.4	348.74	320.15
2970.0	1239.6	1226.3	348.69	320.14
2980.0	1238.5	1225.1	348.64	320.12
2990.0	1237.4	1224.0	348.59	320.11
3000.0	1236.2	1222.8	348.53	320.10
3010.0	1235.1	1221.6	348.48	320.09
3020.0	1233.9	1220.5	348.43	320.08
3030.0	1232.8	1219.3	348.38	320.07
3040.0	1231.7	1218.2	348.32	320.05
3050.0	1230.5	1217.0	348.27	320.04
3060.0	1229.4	1215.8	348.22	320.03
3070.0	1228.2	1214.6	348.16	320.02
3080.0	1227.1	1213.4	348.11	320.01
3090.0	1225.9	1212.2	348.05	319.99
3100.0	1224.7	1211.0	348.00	319.98
3110.0	1223.5	1209.8	347.94	319.97
3120.0	1222.4	1208.6	347.89	319.96
3130.0	1221.2	1207.4	347.83	319.94
3140.0	1220.0	1206.2	347.78	319.93
3150.0	1218.8	1205.0	347.72	319.92
3160.0	1217.7	1203.8	347.67	319.91
3170.0	1216.5	1202.6	347.61	319.90
3180.0	1215.3	1201.4	347.56	319.88
3190.0	1214.1	1200.2	347.50	319.87
3200.0	1213.0	1199.0	347.45	319.86
3210.0	1211.8	1197.8	347.40	319.85
3220.0	1210.6	1196.6	347.34	319.84
3230.0	1209.5	1195.4	347.29	319.82
3240.0	1208.3	1194.2	347.23	319.81
3250.0	1207.1	1193.1	347.18	319.80
3260.0	1205.9	1191.9	347.12	319.79
3270.0	1204.7	1190.6	347.06	319.77
3280.0	1203.5	1189.4	347.01	319.76
3290.0	1202.3	1188.1	346.95	319.75
3300.0	1201.1	1186.9	346.89	319.74
3310.0	1199.8	1185.6	346.83	319.72
3320.0	1198.6	1184.4	346.78	319.71
3330.0	1197.4	1183.1	346.72	319.70
3340.0	1196.2	1181.9	346.66	319.69
3350.0	1195.0	1180.6	346.60	319.67
3360.0	1193.7	1179.4	346.55	319.66
3370.0	1192.5	1178.1	346.49	319.65
3380.0	1191.3	1176.9	346.43	319.64
3390.0	1190.1	1175.6	346.37	319.62
3400.0	1188.9	1174.4	346.32	319.61
3410.0	1187.6	1173.1	346.26	319.60
3420.0	1186.4	1171.9	346.20	319.59
3430.0	1185.2	1170.6	346.14	319.57
3440.0	1184.0	1169.4	346.08	319.56
3450.0	1182.7	1168.1	346.03	319.55
3460.0	1181.5	1166.9	345.97	319.54
3470.0	1180.3	1165.6	345.91	319.52
3480.0	1179.0	1164.3	345.85	319.51
3490.0	1177.7	1163.0	345.79	319.50
3500.0	1176.5	1161.7	345.73	319.48
3510.0	1175.2	1160.4	345.67	319.47
3520.0	1173.9	1159.1	345.61	319.46
3530.0	1172.6	1157.8	345.55	319.44
3540.0	1171.4	1156.5	345.49	319.43
3550.0	1170.1	1155.2	345.43	319.42
3560.0	1168.8	1153.9	345.37	319.40
3570.0	1167.5	1152.6	345.31	319.39
3580.0	1166.3	1151.3	345.25	319.38
3590.0	1165.0	1150.0	345.19	319.37
3600.0	1163.7	1148.7	345.13	319.35
3610.0	1162.4	1147.4	345.07	319.34
3620.0	1161.2	1146.1	345.00	319.33
3630.0	1159.9	1144.8	344.94	319.31
3640.0	1158.6	1143.5	344.88	319.30
3650.0	1157.3	1142.2	344.82	319.29
3660.0	1156.1	1140.9	344.76	319.27
3670.0	1154.8	1139.6	344.70	319.26
3680.0	1153.5	1138.2	344.64	319.25
3690.0	1152.1	1136.8	344.58	319.23
3700.0	1150.8	1135.5	344.51	319.22
3710.0	1149.4	1134.1	344.45	319.21
3720.0	1148.1	1132.7	344.39	319.19
3730.0	1146.8	1131.4	344.32	319.18
3740.0	1145.4	1130.0	344.26	319.17
3750.0	1144.1	1128.6	344.20	319.15
3760.0	1142.8	1127.3	344.13	319.14
3770.0	1141.4	1125.9	344.07	319.12
3780.0	1140.1	1124.5	344.00	319.11
3790.0	1138.7	1123.2	343.94	319.10
3800.0	1137.4	1121.8	343.88	319.08
3810.0	1136.1	1120.4	343.81	319.07
3820.0	1134.7	1119.1	343.75	319.06
3830.0	1133.4	1117.7	343.69	319.04
3840.0	1132.1	1116.3	343.62	319.03
3850.0	1130.7	1115.0	343.56	319.02
3860.0	1129.4	1113.6	343.50	319.00
3870.0	1128.0	1112.3	343.43	318.99
3880.0	1126.5	1110.6	343.36	318.97
3890.0	1124.8	1108.8	343.28	318.96
3900.0	1123.1	1106.9	343.20	318.94
3910.0	1121.3	1105.1	343.11	318.92
3920.0	1119.6	1103.3	343.03	318.90
3930.0	1117.9	1101.4	342.94	318.89
3940.0	1116.1	1099.6	342.86	318.87
3950.0	1114.4	1097.8	342.78	318.85
3960.0	1112.7	1095.9	342.69	318.83
3970.0	1110.9	1094.1	342.61	318.82
3980.0	1109.2	1092.3	342.53	318.80
3990.0	1107.4	1090.4	342.44	318.78
4000.0	1105.7	1088.6	342.36	318.76
4010.0	1104.0	1086.8	342.28	318.75
4020.0	1102.2	1085.0	342.19	318.73
4030.0	1100.5	1083.1	342.11	318.71
4040.0	1098.8	1081.3	342.03	318.69
4050.0	1097.0	1079.5	341.94	318.68
4060.0	1095.3	1077.6	341.86	318.66
4070.0	1093.6	1075.8	341.78	318.64
4080.0	1091.8	1074.0	341.69	318.62
4090.0	1090.1	1072.1	341.61	318.61
4100.0	1088.3	1070.3	341.53	318.59
4110.0	1086.6	1068.5	341.44	318.57
4120.0	1084.9	1066.7	341.36	318.56
4130.0	1083.1	1064.8	341.28	318.54
4140.0	1081.4	1063.0	341.19	318.52
4150.0	1079.7	1061.2	341.11	318.50
4160.0	1077.9	1059.3	341.03	318.49
4170.0	1076.2	1057.5	340.94	318.47
4180.0	1074.5	1055.7	340.86	318.45
4190.0	1072.7	1053.8	340.78	318.43
4200.0	1071.0	1052.0	340.69	318.42
4210.0	1069.2	1050.2	340.61	318.40
4220.0	1067.5	1048.4	340.53	318.38
4230.0	1065.8	1046.5	340.44	318.36
4240.0	1064.0	1044.7	340.36	318.35
4250.0	1062.3	1042.9	340.28	318.33
4260.0	1060.6	1041.0	340.19	318.31
4270.0	1058.8	1039.2	340.11	318.29
4280.0	1057.1	1037.4	340.03	318.28
4290.0	1055.3	1035.5	339.94	318.26
4300.0	1053.4	1033.6	339.85	318.24
4310.0	1051.5	1031.6	339.77	318.22
4320.0	1049.5	1029.7	339.68	318.20
4330.0	1047.6	1027.8	339.59	318.18
4340.0	1045.7	1025.9	339.51	318.16
4350.0	1043.8	1023.9	339.42	318.14
4360.0	1041.9	1022.0	339.33	318.12
4370.0	1040.0	1020.1	339.25	318.11
4380.0	1038.1	1018.2	339.16	318.09
4390.0	1036.2	1016.2	339.08	318.07
4400.0	1034.2	1014.3	338.99	318.05
4410.0	1032.3	1012.4	338.90	318.03
4420.0	1030.4	1010.5	338.82	318.01
4430.0	1028.5	1008.5	338.73	317.99
4440.0	1026.6	1006.6	338.64	317.97
4450.0	1024.7	1004.7	338.56	317.95
4460.0	1022.8	1002.8	338.47	317.93
4470.0	1020.9	1000.8	338.38	317.91
4480.0	1018.9	998.92	338.30	317.90
4490.0	1017.0	997.00	338.21	317.88
4500.0	1015.1	995.08	338.12	317.86
4510.0	1013.2	993.15	338.04	317.84
4520.0	1011.3	991.23	337.95	317.82
4530.0	1009.4	989.30	337.86	317.80
4540.0	1007.5	987.38	337.78	317.78
4550.0	1005.5	985.46	337.69	317.76
4560.0	1003.6	983.53	337.60	317.74
4570.0	1001.7	981.61	337.52	317.72
4580.0	999.81	979.69	337.43	317.70
4590.0	997.90	977.76	337.34	317.68
4600.0	995.99	975.84	337.26	317.67
4610.0	994.07	973.91	337.17	317.65
4620.0	992.16	971.99	337.08	317.63
4630.0	990.25	970.07	337.00	317.61
4640.0	988.34	968.14	336.91	317.59
4650.0	986.35	966.12	336.82	317.57
4660.0	984.23	963.99	336.73	317.55
4670.0	982.10	961.86	336.64	317.53
4680.0	979.98	959.73	336.55	317.50
4690.0	977.86	957.60	336.46	317.48
4700.0	975.73	955.47	336.36	317.46
4710.0	973.61	953.34	336.27	317.44
4720.0	971.48	951.21	336.18	317.42
4730.0	969.36	949.07	336.09	317.40
4740.0	967.24	946.94	336.00	317.38
4750.0	965.11	944.81	335.91	317.36
4760.0	962.99	942.68	335.81	317.33
4770.0	960.87	940.55	335.72	317.31
4780.0	958.74	938.42	335.63	317.29
4790.0	956.62	936.29	335.54	317.27
4800.0	954.49	934.16	335.45	317.25
4810.0	952.37	932.03	335.35	317.23
4820.0	950.25	929.90	335.26	317.21
4830.0	948.12	927.77	335.17	317.18
4840.0	946.00	925.64	335.08	317.16
4850.0	943.88	923.51	334.99	317.14
4860.0	941.75	921.38	334.90	317.12
4870.0	939.63	919.25	334.80	317.10
4880.0	937.51	917.12	334.71	317.08
4890.0	935.38	914.99	334.62	317.06
4900.0	933.26	912.86	334.53	317.03
4910.0	931.13	910.73	334.44	317.01
4920.0	929.01	908.59	334.35	316.99
4930.0	926.89	906.46	334.25	316.97
4940.0	924.76	904.33	334.16	316.95
4950.0	922.64	902.20	334.07	316.93
4960.0	920.52	900.07	333.98	316.91
4970.0	918.39	897.94	333.89	316.89
4980.0	916.27	895.81	333.80	316.86
4990.0	914.14	893.68	333.70	316.84
5000.0	912.02	891.55	333.61	316.82
5010.0	909.84	889.34	333.52	316.80
5020.0	907.44	886.94	333.42	316.77
5030.0	905.04	884.54	333.33	316.75
5040.0	902.64	882.15	333.23	316.73
5050.0	900.24	879.75	333.13	316.70
5060.0	897.84	877.35	333.04	316.68
5070.0	895.44	874.96	332.94	316.65
5080.0	893.04	872.56	332.84	316.63
5090.0	890.64	870.16	332.74	316.60
5100.0	888.24	867.77	332.65	316.58
5110.0	885.84	865.37	332.55	316.55
5120.0	883.44	862.97	332.45	316.53
5130.0	881.04	860.58	332.36	316.50
5140.0	878.64	858.18	332.26	316.48
5150.0	876.24	855.78	332.16	316.45
5160.0	873.84	853.39	332.07	316.43
5170.0	871.44	850.99	331.97	316.41
5180.0	869.04	848.59	331.87	316.38
5190.0	866.64	846.20	331.78	316.36
5200.0	864.24	843.80	331.68	316.33
5210.0	861.84	841.41	331.58	316.31
5220.0	859.44	839.01	331.49	316.28
5230.0	857.04	836.61	331.39	316.26
5240.0	854.64	834.22	331.29	316.23
5250.0	852.24	831.82	331.20	316.21
5260.0	849.84	829.42	331.10	316.18
5270.0	847.44	827.03	331.00	316.16
5280.0	845.04	824.63	330.91	316.13
5290.0	842.64	822.24	330.81	316.11
5300.0	840.24	819.84	330.71	316.09
5310.0	837.84	817.44	330.62	316.06
5320.0	835.44	815.05	330.52	316.04
5330.0	833.04	812.65	330.42	316.01
5340.0	830.64	810.25	330.33	315.99
5350.0	828.24	807.86	330.23	315.96
5360.0	825.84	805.46	330.13	315.94
5370.0	823.41	803.01	330.04	315.91
5380.0	820.62	800.24	329.93	315.88
5390.0	817.82	797.46	329.83	315.85
5400.0	815.03	794.69	329.73	315.82
5410.0	812.24	791.92	329.63	315.79
5420.0	809.44	789.15	329.53	315.76
5430.0	806.65	786.37	329.43	315.73
5440.0	803.85	783.60	329.33	315.70
5450.0	801.06	780.83	329.23	315.67
5460.0	798.27	778.06	329.13	315.64
5470.0	795.47	775.29	329.03	315.61
5480.0	792.68	772.51	328.93	315.58
5490.0	789.89	769.74	328.82	315.55
5500.0	787.09	766.97	328.72	315.52
5510.0	784.30	764.20	328.62	315.49
5520.0	781.50	761.43	328.52	315.46
5530.0	778.71	758.65	328.42	315.43
5540.0	775.92	755.88	328.32	315.39
5550.0	773.12	753.11	328.22	315.36
5560.0	770.33	750.34	328.12	315.33
5570.0	767.53	747.57	328.02	315.30
5580.0	764.74	744.79	327.92	315.27
5590.0	761.95	742.02	327.82	315.24
5600.0	759.15	739.25	327.71	315.21
5610.0	756.36	736.48	327.61	315.18
5620.0	753.56	733.71	327.51	315.15
5630.0	750.77	730.94	327.41	315.12
5640.0	747.98	728.16	327.31	315.09
5650.0	745.18	725.39	327.21	315.06
5660.0	742.39	722.62	327.11	315.03
5670.0	739.60	719.85	327.01	315.00
5680.0	736.80	717.08	326.91	314.97
5690.0	734.01	714.30	326.81	314.94
5700.0	731.21	711.53	326.71	314.91
5710.0	728.42	708.76	326.60	314.88
5720.0	725.63	705.99	326.50	314.85
5730.0	722.83	703.22	326.40	314.82
5740.0	719.79	700.25	326.31	314.78
5750.0	716.72	697.24	326.21	314.74
5760.0	713.65	694.23	326.11	314.70
5770.0	710.58	691.22	326.02	314.66
5780.0	707.51	688.22	325.92	314.62
5790.0	704.43	685.21	325.83	314.57
5800.0	701.36	682.20	325.73	314.53
5810.0	698.29	679.19	325.63	314.49
5820.0	695.22	676.18	325.54	314.45
5830.0	692.15	673.17	325.44	314.41
5840.0	689.08	670.16	325.35	314.37
5850.0	686.01	667.15	325.25	314.33
5860.0	682.94	664.15	325.15	314.29
5870.0	679.87	661.14	325.06	314.25
5880.0	676.80	658.13	324.96	314.21
5890.0	673.73	655.12	324.86	314.17
5900.0	670.66	652.11	324.77	314.13
5910.0	667.59	649.10	324.67	314.09
5920.0	664.52	646.09	324.58	314.05
5930.0	661.45	643.09	324.48	314.01
5940.0	658.38	640.08	324.38	313.97
5950.0	655.31	637.07	324.29	313.93
5960.0	652.24	634.06	324.19	313.89
5970.0	649.17	631.05	324.10	313.85
5980.0	646.10	628.04	324.00	313.81
5990.0	643.03	625.03	323.90	313.77
6000.0	639.96	622.03	323.81	313.73
6010.0	636.89	619.02	323.71	313.69
6020.0	633.82	616.01	323.62	313.65
6030.0	630.74	613.00	323.52	313.61
6040.0	627.67	609.99	323.42	313.57
6050.0	624.60	606.98	323.33	313.53
6060.0	621.53	603.97	323.23	313.49
6070.0	618.46	600.96	323.13	313.45
6080.0	615.39	597.96	323.04	313.41
6090.0	612.32	594.95	322.94	313.37
6100.0	609.59	592.39	322.86	313.33
6110.0	606.93	589.80	322.78	313.29
6120.0	604.27	587.21	322.70	313.26
6130.0	601.61	584.63	322.62	313.22
6140.0	598.94	582.04	322.53	313.19
6150.0	596.28	579.45	322.45	313.15
6160.0	593.62	576.86	322.37	313.12
6170.0	590.96	574.27	322.29	313.08
6180.0	588.29	571.68	322.21	313.04
6190.0	585.63	569.10	322.13	313.01
6200.0	582.97	566.51	322.05	312.97
6210.0	580.30	563.92	321.97	312.94
6220.0	577.64	561.33	321.89	312.90
6230.0	574.98	558.74	321.80	312.87
6240.0	572.32	556.16	321.72	312.83
6250.0	569.65	553.57	321.64	312.80
6260.0	566.99	550.98	321.56	312.76
6270.0	564.33	548.39	321.48	312.73
6280.0	561.67	545.80	321.40	312.69
6290.0	559.00	543.21	321.32	312.65
6300.0	556.34	540.63	321.24	312.62
6310.0	553.68	538.04	321.16	312.58
6320.0	551.02	535.45	321.07	312.55
6330.0	548.35	532.86	320.99	312.51
6340.0	545.69	530.27	320.91	312.48
6350.0	543.03	527.69	320.83	312.44
6360.0	540.37	525.10	320.75	312.41
6370.0	537.70	522.51	320.67	312.37
6380.0	535.04	519.92	320.59	312.33
6390.0	532.38	517.33	320.51	312.30
6400.0	529.72	514.75	320.42	312.26
6410.0	527.05	512.16	320.34	312.23
6420.0	524.39	509.57	320.26	312.19
6430.0	521.73	506.98	320.18	312.16
6440.0	519.07	504.39	320.10	312.12
6450.0	516.40	501.80	320.02	312.09
6460.0	514.23	499.85	319.95	312.06
6470.0	512.27	497.95	319.90	312.03
6480.0	510.31	496.04	319.84	312.00
6490.0	508.35	494.13	319.78	311.98
6500.0	506.39	492.23	319.72	311.95
6510.0	504.43	490.32	319.66	311.92
6520.0	502.47	488.42	319.60	311.90
6530.0	500.51	486.51	319.54	311.87
6540.0	498.54	484.60	319.48	311.85
6550.0	496.58	482.70	319.42	311.82
6560.0	494.62	480.79	319.37	311.79
6570.0	492.66	478.89	319.31	311.77
6580.0	490.70	476.98	319.25	311.74
6590.0	488.74	475.08	319.19	311.71
6600.0	486.78	473.17	319.13	311.69
6610.0	484.82	471.26	319.07	311.66
6620.0	482.85	469.36	319.01	311.63
6630.0	480.89	467.45	318.95	311.61
6640.0	478.93	465.55	318.89	311.58
6650.0	476.97	463.64	318.84	311.56
6660.0	475.01	461.73	318.78	311.53
6670.0	473.05	459.83	318.72	311.50
6680.0	471.09	457.92	318.66	311.48
6690.0	469.13	456.02	318.60	311.45
6700.0	467.16	454.11	318.54	311.42
6710.0	465.20	452.20	318.48	311.40
6720.0	463.24	450.30	318.42	311.37
6730.0	461.28	448.39	318.36	311.34
6740.0	459.32	446.49	318.31	311.32
6750.0	457.36	444.58	318.25	311.29
6760.0	455.40	442.67	318.19	311.27
6770.0	453.44	440.77	318.13	311.24
6780.0	451.47	438.86	318.07	311.21
6790.0	449.51	436.96	318.01	311.19
6800.0	447.55	435.05	317.95	311.16
6810.0	445.59	433.14	317.89	311.13
6820.0	443.63	431.24	317.83	311.11
6830.0	441.67	429.33	317.78	311.08
6840.0	439.71	427.43	317.72	311.05
6850.0	437.75	425.52	317.66	311.03
6860.0	435.78	423.61	317.60	311.00
6870.0	433.82	421.71	317.54	310.97
6880.0	431.86	419.80	317.48	310.95
6890.0	429.90	417.90	317.42	310.92
6900.0	427.94	415.99	317.36	310.90
6910.0	425.98	414.08	317.30	310.87
6920.0	424.02	412.18	317.25	310.84
6930.0	422.06	410.27	317.19	310.82
6940.0	420.09	408.37	317.13	310.79
6950.0	418.13	406.46	317.07	310.76
6960.0	416.17	404.55	317.01	310.74
6970.0	414.21	402.65	316.95	310.71
6980.0	412.25	400.74	316.89	310.68
6990.0	410.29	398.84	316.83	310.66
7000.0	408.33	396.93	316.77	310.63
7010.0	406.37	395.02	316.72	310.61
7020.0	404.41	393.12	316.66	310.58
7030.0	402.44	391.21	316.60	310.55
7040.0	400.48	389.31	316.54	310.53
7050.0	398.52	387.40	316.48	310.50
7060.0	396.56	385.49	316.42	310.47
7070.0	394.60	383.59	316.36	310.45
7080.0	392.64	381.68	316.30	310.42
7090.0	390.68	379.78	316.25	310.39
7100.0	388.72	377.87	316.19	310.37
7110.0	386.75	375.96	316.13	310.34
7120.0	384.79	374.06	316.07	310.31
7130.0	382.83	372.15	316.01	310.29
7140.0	380.87	370.25	315.95	310.26
7150.0	378.91	368.34	315.89	310.24
7160.0	376.95	366.43	315.83	310.21
7170.0	374.99	364.53	315.77	310.18
7180.0	373.26	362.96	315.72	310.16
7190.0	371.82	361.57	315.68	310.14
7200.0	370.39	360.17	315.64	310.12
7210.0	368.95	358.77	315.60	310.10
7220.0	367.51	357.38	315.55	310.08
7230.0	366.08	355.98	315.51	310.06
7240.0	364.64	354.58	315.47	310.04
7250.0	363.20	353.19	315.43	310.02
7260.0	361.77	351.79	315.38	310.00
7270.0	360.33	350.39	315.34	309.98
7280.0	358.89	349.00	315.30	309.97
7290.0	357.46	347.60	315.26	309.95
7300.0	356.02	346.20	315.21	309.93
7310.0	354.58	344.81	315.17	309.91
7320.0	353.15	343.41	315.13	309.89
7330.0	351.71	342.01	315.09	309.87
7340.0	350.28	340.62	315.04	309.85
7350.0	348.84	339.22	315.00	309.83
7360.0	347.40	337.82	314.96	309.81
7370.0	345.97	336.43	314.91	309.79
7380.0	344.53	335.03	314.87	309.77
7390.0	343.09	333.63	314.83	309.75
7400.0	341.66	332.24	314.79	309.73
7410.0	340.22	330.84	314.74	309.71
7420.0	338.78	329.45	314.70	309.69
7430.0	337.35	328.05	314.66	309.67
7440.0	335.91	326.65	314.62	309.65
7450.0	334.47	325.26	314.57	309.63
7460.0	333.04	323.86	314.53	309.61
7470.0	331.60	322.46	314.49	309.60
7480.0	330.16	321.07	314.45	309.58
7490.0	328.73	319.67	314.40	309.56
7500.0	327.29	318.27	314.36	309.54
7510.0	325.85	316.88	314.32	309.52
7520.0	324.42	315.48	314.28	309.50
7530.0	322.98	314.08	314.23	309.48
7540.0	321.55	312.69	314.19	309.46
7550.0	320.11	311.29	314.15	309.44
7560.0	318.67	309.89	314.11	309.42
7570.0	317.24	308.50	314.06	309.40
7580.0	315.80	307.10	314.02	309.38
7590.0	314.36	305.70	313.98	309.36
7600.0	312.93	304.31	313.94	309.34
7610.0	311.49	302.91	313.89	309.32
7620.0	310.05	301.51	313.85	309.30
7630.0	308.62	300.12	313.81	309.28
7640.0	307.18	298.72	313.77	309.26
7650.0	305.74	297.32	313.72	309.24
7660.0	304.31	295.93	313.68	309.22
7670.0	302.87	294.53	313.64	309.21
7680.0	301.43	293.13	313.60	309.19
7690.0	300.00	291.74	313.55	309.17
7700.0	298.56	290.34	313.51	309.15
7710.0	297.12	288.94	313.47	309.13
7720.0	295.69	287.55	313.43	309.11
7730.0	294.25	286.15	313.38	309.09
7740.0	292.82	284.75	313.34	309.07
7750.0	291.38	283.36	313.30	309.05
7760.0	289.94	281.96	313.26	309.03
7770.0	288.51	280.56	313.21	309.01
7780.0	287.07	279.17	313.17	308.99
7790.0	285.63	277.77	313.13	308.97
7800.0	284.20	276.37	313.09	308.95
7810.0	282.76	274.98	313.04	308.93
7820.0	281.32	273.58	313.00	308.91
7830.0	279.89	272.18	312.96	308.89
7840.0	278.45	270.79	312.92	308.87
7850.0	277.01	269.39	312.87	308.85
7860.0	275.58	267.99	312.83	308.84
7870.0	274.14	266.60	312.79	308.82
7880.0	272.70	265.20	312.75	308.80
7890.0	271.27	263.80	312.70	308.78
7900.0	269.90	262.56	312.66	308.76
7910.0	268.86	261.54	312.63	308.74
7920.0	267.81	260.52	312.60	308.73
7930.0	266.76	259.50	312.57	308.72
7940.0	265.71	258.49	312.54	308.70
7950.0	264.67	257.47	312.51	308.69
7960.0	263.62	256.45	312.48	308.67
7970.0	262.57	255.43	312.45	308.66
7980.0	261.52	254.41	312.42	308.64
7990.0	260.47	253.39	312.39	308.63
8000.0	259.43	252.37	312.36	308.62
8010.0	258.38	251.35	312.33	308.60
8020.0	257.33	250.33	312.30	308.59
8030.0	256.28	249.31	312.26	308.57
8040.0	255.24	248.29	312.23	308.56
8050.0	254.19	247.27	312.20	308.54
8060.0	253.14	246.26	312.17	308.53
8070.0	252.09	245.24	312.14	308.52
8080.0	251.04	244.22	312.11	308.50
8090.0	250.00	243.20	312.08	308.49
8100.0	248.95	242.18	312.05	308.47
8110.0	247.90	241.16	312.02	308.46
8120.0	246.85	240.14	311.99	308.44
8130.0	245.81	239.12	311.96	308.43
8140.0	244.76	238.10	311.93	308.41
8150.0	243.71	237.08	311.90	308.40
8160.0	242.66	236.06	311.87	308.39
8170.0	241.61	235.04	311.84	308.37
8180.0	240.57	234.03	311.81	308.36
8190.0	239.52	233.01	311.77	308.34
8200.0	238.47	231.99	311.74	308.33
8210.0	237.42	230.97	311.71	308.31
8220.0	236.37	229.95	311.68	308.30
8230.0	235.33	228.93	311.65	308.29
8240.0	234.28	227.91	311.62	308.27
8250.0	233.23	226.89	311.59	308.26
8260.0	232.18	225.87	311.56	308.24
8270.0	231.14	224.85	311.53	308.23
8280.0	230.09	223.83	311.50	308.21
8290.0	229.04	222.81	311.47	308.20
8300.0	227.99	221.80	311.44	308.19
8310.0	226.94	220.78	311.41	308.17
8320.0	225.90	219.76	311.38	308.16
8330.0	224.85	218.74	311.35	308.14
8340.0	223.80	217.72	311.32	308.13
8350.0	222.75	216.70	311.29	308.11
8360.0	221.71	215.68	311.25	308.10
8370.0	220.66	214.66	311.22	308.09
8380.0	219.61	213.64	311.19	308.07
8390.0	218.56	212.62	311.16	308.06
8400.0	217.51	211.60	311.13	308.04
8410.0	216.47	210.58	311.10	308.03
8420.0	215.42	209.57	311.07	308.01
8430.0	214.37	208.55	311.04	308.00
8440.0	213.32	207.53	311.01	307.99
8450.0	212.28	206.51	310.98	307.97
8460.0	211.23	205.49	310.95	307.96
8470.0	210.18	204.47	310.92	307.94
8480.0	209.13	203.45	310.89	307.93
8490.0	208.08	202.43	310.86	307.91
8500.0	207.04	201.41	310.83	307.90
8510.0	205.99	200.39	310.80	307.88
8520.0	204.94	199.37	310.76	307.87
8530.0	203.89	198.35	310.73	307.86
8540.0	202.85	197.34	310.70	307.84
8550.0	201.80	196.32	310.67	307.83
8560.0	200.75	195.30	310.64	307.81
8570.0	199.70	194.28	310.61	307.80
8580.0	198.65	193.26	310.58	307.78
8590.0	197.61	192.24	310.55	307.77
8600.0	196.56	191.22	310.52	307.76
8610.0	195.51	190.20	310.49	307.74
8620.0	194.46	189.18	310.46	307.73
8630.0	193.51	188.28	310.43	307.71
8640.0	192.57	187.36	310.40	307.70
8650.0	191.63	186.45	310.38	307.69
8660.0	190.70	185.54	310.35	307.68
8670.0	189.76	184.64	310.32	307.66
8680.0	188.83	183.73	310.29	307.65
8690.0	187.91	182.83	310.27	307.64
8700.0	186.98	181.93	310.24	307.63
8710.0	186.06	181.04	310.21	307.61
8720.0	185.14	180.14	310.19	307.60
8730.0	184.23	179.25	310.16	307.59
8740.0	183.31	178.36	310.13	307.57
8750.0	182.40	177.48	310.11	307.56
8760.0	181.50	176.60	310.08	307.55
8770.0	180.59	175.72	310.05	307.54
8780.0	179.69	174.84	310.03	307.53
8790.0	178.79	173.97	310.00	307.51
8800.0	177.89	173.10	309.98	307.50
8810.0	177.00	172.23	309.95	307.49
8820.0	176.11	171.36	309.92	307.48
8830.0	175.22	170.50	309.90	307.46
8840.0	174.34	169.64	309.87	307.45
8850.0	173.46	168.78	309.85	307.44
8860.0	172.58	167.93	309.82	307.43
8870.0	171.70	167.08	309.80	307.42
8880.0	170.83	166.23	309.77	307.40
8890.0	169.96	165.38	309.75	307.39
8900.0	169.09	164.54	309.72	307.38
8910.0	168.23	163.70	309.70	307.37
8920.0	167.36	162.86	309.67	307.36
8930.0	166.50	162.02	309.65	307.34
8940.0	165.65	161.19	309.62	307.33
8950.0	164.79	160.36	309.60	307.32
8960.0	163.94	159.53	309.57	307.31
8970.0	163.10	158.71	309.55	307.30
8980.0	162.25	157.89	309.52	307.29
8990.0	161.41	157.07	309.50	307.27
9000.0	160.57	156.25	309.47	307.26
9010.0	159.73	155.44	309.45	307.25
9020.0	158.90	154.63	309.42	307.24
9030.0	158.07	153.82	309.40	307.23
9040.0	157.24	153.02	309.38	307.22
9050.0	156.41	152.21	309.35	307.21
9060.0	155.59	151.41	309.33	307.19
9070.0	154.77	150.62	309.31	307.18
9080.0	153.96	149.82	309.28	307.17
9090.0	153.14	149.03	309.26	307.16
9100.0	152.33	148.24	309.23	307.15
9110.0	151.52	147.46	309.21	307.14
9120.0	150.72	146.68	309.19	307.13
9130.0	149.92	145.90	309.16	307.12
9140.0	149.12	145.12	309.14	307.11
9150.0	148.32	144.34	309.12	307.09
9160.0	147.52	143.57	309.10	307.08
9170.0	146.73	142.80	309.07	307.07
9180.0	145.95	142.04	309.05	307.06
9190.0	145.16	141.27	309.03	307.05
9200.0	144.38	140.51	309.00	307.04
9210.0	143.60	139.75	308.98	307.03
9220.0	142.82	139.00	308.96	307.02
9230.0	142.05	138.24	308.94	307.01
9240.0	141.27	137.49	308.91	307.00
9250.0	140.51	136.75	308.89	306.99
9260.0	139.74	136.00	308.87	306.98
9270.0	138.98	135.26	308.85	306.97
9280.0	138.22	134.52	308.83	306.96
9290.0	137.46	133.79	308.80	306.95
9300.0	136.71	133.05	308.78	306.93
9310.0	135.95	132.32	308.76	306.92
9320.0	135.21	131.59	308.74	306.91
9330.0	134.46	130.87	308.72	306.90
9340.0	133.72	130.15	308.70	306.89
9350.0	132.98	129.43	308.68	306.88
9360.0	132.24	128.71	308.65	306.87
9370.0	131.50	128.00	308.63	306.86
9380.0	130.77	127.28	308.61	306.85
9390.0	130.04	126.58	308.59	306.84
9400.0	129.32	125.87	308.57	306.83
9410.0	128.60	125.17	308.55	306.82
9420.0	127.87	124.47	308.53	306.81
9430.0	127.16	123.77	308.51	306.80
9440.0	126.44	123.07	308.49	306.79
9450.0	125.73	122.38	308.47	306.78
9460.0	125.02	121.69	308.45	306.77
9470.0	124.32	121.01	308.43	306.76
9480.0	123.61	120.32	308.41	306.75
9490.0	122.91	119.64	308.39	306.74
9500.0	122.21	118.96	308.37	306.73
9510.0	121.52	118.29	308.35	306.73
9520.0	120.83	117.61	308.33	306.72
9530.0	120.14	116.94	308.31	306.71
9540.0	119.45	116.28	308.29	306.70
9550.0	118.77	115.61	308.27	306.69
9560.0	118.09	114.95	308.25	306.68
9570.0	117.41	114.29	308.23	306.67
9580.0	116.73	113.63	308.21	306.66
9590.0	116.06	112.98	308.19	306.65
9600.0	115.39	112.33	308.17	306.64
9610.0	114.73	111.68	308.15	306.63
9620.0	114.06	111.04	308.13	306.62
9630.0	113.40	110.39	308.11	306.61
9640.0	112.74	109.75	308.09	306.60
9650.0	112.09	109.12	308.07	306.60
9660.0	111.44	108.48	308.06	306.59
9670.0	110.79	107.85	308.04	306.58
9680.0	110.14	107.22	308.02	306.57
9690.0	109.50	106.60	308.00	306.56
9700.0	108.86	105.97	307.98	306.55
9710.0	108.22	105.35	307.96	306.54
9720.0	107.58	104.74	307.95	306.53
9730.0	106.95	104.12	307.93	306.52
9740.0	106.32	103.51	307.91	306.52
9750.0	105.69	102.90	307.89	306.51
9760.0	105.07	102.29	307.87	306.50
9770.0	104.45	101.69	307.86	306.49
9780.0	103.83	101.09	307.84	306.48
9790.0	103.21	100.49	307.82	306.47
9800.0	102.60	99.892	307.80	306.46
9810.0	101.99	99.299	307.79	306.46
9820.0	101.38	98.709	307.77	306.45
9830.0	100.78	98.121	307.75	306.44
9840.0	100.18	97.537	307.73	306.43
9850.0	99.581	96.955	307.72	306.42
9860.0	98.985	96.376	307.70	306.41
9870.0	98.392	95.799	307.68	306.41
9880.0	97.802	95.225	307.67	306.40
9890.0	97.215	94.654	307.65	306.39
9900.0	96.631	94.086	307.63	306.38
9910.0	96.049	93.521	307.62	306.37
9920.0	95.471	92.958	307.60	306.37
9930.0	94.895	92.398	307.58	306.36
9940.0	94.322	91.841	307.57	306.35
9950.0	93.752	91.286	307.55	306.34
9960.0	93.184	90.735	307.53	306.33
9970.0	92.620	90.186	307.52	306.33
9980.0	92.058	89.639	307.50	306.32
9990.0	91.499	89.096	307.49	306.31
10000	90.943	88.555	307.47	306.30
10010	90.390	88.017	307.45	306.29
10020	89.840	87.482	307.44	306.29
10030	89.292	86.950	307.42	306.28
10040	88.748	86.420	307.41	306.27
10050	88.206	85.893	307.39	306.26
10060	87.667	85.369	307.38	306.26
10070	87.121	84.833	307.36	306.25
10080	86.564	84.291	307.35	306.24
10090	86.010	83.753	307.33	306.23
10100	85.458	83.216	307.31	306.23
10110	84.909	82.682	307.30	306.22
10120	84.363	82.150	307.28	306.21
10130	83.818	81.621	307.27	306.20
10140	83.277	81.094	307.25	306.20
10150	82.738	80.570	307.24	306.19
10160	82.201	80.048	307.22	306.18
10170	81.667	79.529	307.21	306.17
10180	81.135	79.012	307.19	306.17
10190	80.606	78.497	307.18	306.16
10200	80.080	77.985	307.16	306.15
10210	79.556	77.476	307.15	306.14
10220	79.034	76.968	307.13	306.14
10230	78.515	76.464	307.12	306.13
10240	77.998	75.961	307.10	306.12
10250	77.484	75.462	307.09	306.12
10260	76.973	74.964	307.07	306.11
10270	76.464	74.469	307.06	306.10
10280	75.958	73.977	307.04	306.09
10290	75.454	73.487	307.03	306.09
10300	74.952	72.999	307.01	306.08
10310	74.453	72.514	307.00	306.07
10320	73.957	72.031	306.99	306.07
10330	73.463	71.551	306.97	306.06
10340	72.972	71.073	306.96	306.05
10350	72.483	70.597	306.94	306.05
10360	71.996	70.124	306.93	306.04
10370	71.513	69.654	306.92	306.03
10380	71.031	69.186	306.90	306.03
10390	70.552	68.720	306.89	306.02
10400	70.076	68.257	306.88	306.01
10410	69.602	67.796	306.86	306.01
10420	69.131	67.338	306.85	306.00
10430	68.662	66.882	306.84	305.99
10440	68.196	66.429	306.82	305.99
10450	67.732	65.978	306.81	305.98
10460	67.271	65.529	306.80	305.97
10470	66.812	65.083	306.78	305.97
10480	66.356	64.639	306.77	305.96
10490	65.903	64.198	306.76	305.95
10500	65.451	63.759	306.75	305.95
10510	65.003	63.323	306.73	305.94
10520	64.557	62.889	306.72	305.94
10530	64.113	62.458	306.71	305.93
10540	63.672	62.029	306.70	305.92
10550	63.233	61.602	306.68	305.92
10560	62.797	61.178	306.67	305.91
10570	62.364	60.756	306.66	305.90
10580	61.933	60.337	306.65	305.90
10590	61.504	59.920	306.63	305.89
10600	61.078	59.506	306.62	305.89
10610	60.655	59.094	306.61	305.88
10620	60.234	58.685	306.60	305.88
10630	59.815	58.278	306.59	305.87
10640	59.399	57.873	306.57	305.86
10650	58.986	57.471	306.56	305.86
10660	58.575	57.071	306.55	305.85
10670	58.166	56.674	306.54	305.85
10680	57.760	56.279	306.53	305.84
10690	57.357	55.887	306.52	305.83
10700	56.956	55.497	306.51	305.83
10710	56.558	55.110	306.49	305.82
10720	56.162	54.725	306.48	305.82
10730	55.769	54.342	306.47	305.81
10740	55.378	53.962	306.46	305.81
10750	54.989	53.584	306.45	305.80
10760	54.604	53.209	306.44	305.80
10770	54.220	52.836	306.43	305.79
10780	53.840	52.466	306.42	305.79
10790	53.461	52.098	306.41	305.78
10800	53.085	51.732	306.40	305.77
10810	52.712	51.369	306.39	305.77
10820	52.342	51.009	306.38	305.76
10830	51.973	50.651	306.37	305.76
10840	51.608	50.295	306.36	305.75
10850	51.244	49.942	306.35	305.75
10860	50.884	49.591	306.34	305.74
10870	50.526	49.243	306.33	305.74
10880	50.170	48.897	306.32	305.73
10890	49.817	48.553	306.31	305.73
10900	49.466	48.212	306.30	305.72
10910	49.118	47.874	306.29	305.72
10920	48.773	47.538	306.28	305.71
10930	48.430	47.204	306.27	305.71
10940	48.089	46.873	306.26	305.70
10950	47.751	46.544	306.25	305.70
10960	47.415	46.217	306.24	305.70
10970	47.082	45.894	306.23	305.69
10980	46.752	45.572	306.22	305.69
10990	46.424	45.253	306.21	305.68
11000	46.098	44.936	306.20	305.68
11010	45.775	44.622	306.19	305.67
11020	45.455	44.311	306.18	305.67
11030	45.137	44.001	306.18	305.66
11040	44.822	43.694	306.17	305.66
11050	44.509	43.390	306.16	305.65
11060	44.198	43.088	306.15	305.65
11070	43.890	42.789	306.14	305.65
11080	43.585	42.492	306.13	305.64
11090	43.282	42.197	306.12	305.64
11100	42.982	41.905	306.12	305.63
11110	42.684	41.615	306.11	305.63
11120	42.389	41.328	306.10	305.62
11130	42.096	41.043	306.09	305.62
11140	41.806	40.761	306.08	305.62
11150	41.518	40.481	306.08	305.61
11160	41.233	40.203	306.07	305.61
11170	40.950	39.928	306.06	305.60
11180	40.670	39.656	306.05	305.60
11190	40.392	39.386	306.05	305.60
11200	40.117	39.118	306.04	305.59
11210	39.844	38.853	306.03	305.59
11220	39.574	38.590	306.02	305.58
11230	39.306	38.329	306.02	305.58
11240	39.041	38.071	306.01	305.58
11250	38.779	37.816	306.00	305.57
11260	38.518	37.563	305.99	305.57
11270	38.261	37.312	305.99	305.57
11280	38.006	37.064	305.98	305.56
11290	37.753	36.818	305.97	305.56
11300	37.503	36.575	305.97	305.55
11310	37.255	36.334	305.96	305.55
11320	37.010	36.096	305.95	305.55
11330	36.768	35.860	305.95	305.54
11340	36.528	35.626	305.94	305.54
11350	36.290	35.395	305.93	305.54
11360	36.055	35.167	305.93	305.53
11370	35.823	34.940	305.92	305.53
11380	35.593	34.717	305.91	305.53
11390	35.366	34.495	305.91	305.52
11400	35.141	34.277	305.90	305.52
11410	34.918	34.060	305.90	305.52
11420	34.698	33.846	305.89	305.51
11430	34.481	33.635	305.88	305.51
11440	34.266	33.426	305.88	305.51
11450	34.054	33.219	305.87	305.51
11460	33.844	33.015	305.87	305.50
11470	33.637	32.813	305.86	305.50
11480	33.432	32.614	305.86	305.50
11490	33.229	32.417	305.85	305.49
11500	33.030	32.223	305.85	305.49
11510	32.832	32.031	305.84	305.49
11520	32.556	31.742	305.83	305.48
11530	32.271	31.465	305.83	305.48
11540	31.988	31.190	305.82	305.48
11550	31.707	30.915	305.81	305.47
11560	31.426	30.642	305.80	305.47
11570	31.147	30.370	305.79	305.46
11580	30.869	30.100	305.79	305.46
11590	30.592	29.830	305.78	305.46
11600	30.317	29.562	305.77	305.45
11610	30.043	29.295	305.76	305.45
11620	29.770	29.030	305.76	305.44
11630	29.498	28.765	305.75	305.44
11640	29.228	28.502	305.74	305.44
11650	28.958	28.240	305.73	305.43
11660	28.691	27.979	305.73	305.43
11670	28.424	27.720	305.72	305.43
11680	28.159	27.462	305.71	305.42
11690	27.894	27.205	305.70	305.42
11700	27.632	26.949	305.70	305.41
11710	27.370	26.694	305.69	305.41
11720	27.110	26.441	305.68	305.41
11730	26.851	26.189	305.68	305.40
11740	26.593	25.938	305.67	305.40
11750	26.337	25.688	305.66	305.40
11760	26.081	25.440	305.65	305.39
11770	25.827	25.192	305.65	305.39
11780	25.575	24.946	305.64	305.38
11790	25.323	24.702	305.63	305.38
11800	25.073	24.458	305.63	305.38
11810	24.824	24.216	305.62	305.37
11820	24.576	23.975	305.61	305.37
11830	24.330	23.735	305.61	305.37
11840	24.085	23.496	305.60	305.36
11850	23.841	23.259	305.59	305.36
11860	23.598	23.023	305.59	305.36
11870	23.357	22.788	305.58	305.35
11880	23.117	22.554	305.57	305.35
11890	22.878	22.322	305.57	305.35
11900	22.641	22.090	305.56	305.34
11910	22.404	21.860	305.55	305.34
11920	22.169	21.632	305.55	305.34
11930	21.936	21.404	305.54	305.33
11940	21.703	21.178	305.53	305.33
11950	21.472	20.953	305.53	305.33
11960	21.242	20.729	305.52	305.32
11970	21.013	20.506	305.51	305.32
11980	20.786	20.285	305.51	305.32
11990	20.560	20.065	305.50	305.31
12000	20.335	19.846	305.50	305.31
12010	20.111	19.628	305.49	305.31
12020	19.889	19.412	305.48	305.30
12030	19.668	19.196	305.48	305.30
12040	19.448	18.982	305.47	305.30
12050	19.229	18.770	305.47	305.29
12060	19.012	18.558	305.46	305.29
12070	18.796	18.348	305.45	305.29
12080	18.581	18.139	305.45	305.29
12090	18.368	17.931	305.44	305.28
12100	18.155	17.724	305.44	305.28
12110	17.944	17.519	305.43	305.28
12120	17.735	17.315	305.42	305.27
12130	17.526	17.112	305.42	305.27
12140	17.319	16.910	305.41	305.27
12150	17.113	16.709	305.41	305.26
12160	16.908	16.510	305.40	305.26
12170	16.705	16.312	305.40	305.26
12180	16.503	16.115	305.39	305.26
12190	16.302	15.920	305.38	305.25
12200	16.102	15.726	305.38	305.25
12210	15.904	15.532	305.37	305.25
12220	15.707	15.341	305.37	305.24
12230	15.511	15.150	305.36	305.24
12240	15.316	14.961	305.36	305.24
12250	15.123	14.772	305.35	305.24
12260	14.931	14.585	305.35	305.23
12270	14.740	14.400	305.34	305.23
12280	14.551	14.215	305.34	305.23
12290	14.363	14.032	305.33	305.23
12300	14.176	13.850	305.33	305.22
12310	13.990	13.669	305.32	305.22
12320	13.805	13.490	305.32	305.22
12330	13.622	13.311	305.31	305.22
12340	13.440	13.134	305.31	305.21
12350	13.260	12.958	305.30	305.21
12360	13.080	12.784	305.30	305.21
12370	12.902	12.610	305.29	305.20
12380	12.725	12.438	305.29	305.20
12390	12.550	12.267	305.28	305.20
12400	12.375	12.097	305.28	305.20
12410	12.202	11.929	305.27	305.19
12420	12.030	11.762	305.27	305.19
12430	11.860	11.596	305.26	305.19
12440	11.691	11.431	305.26	305.19
12450	11.523	11.267	305.25	305.18
12460	11.356	11.105	305.25	305.18
12470	11.190	10.944	305.25	305.18
12480	11.026	10.784	305.24	305.18
12490	10.863	10.625	305.24	305.18
12500	10.701	10.468	305.23	305.17
12510	10.541	10.311	305.23	305.17
12520	10.382	10.157	305.22	305.17
12530	10.224	10.003	305.22	305.17
12540	10.067	9.8503	305.22	305.16
12550	9.9118	9.6990	305.21	305.16
12560	9.7577	9.5490	305.21	305.16
12570	9.6048	9.4001	305.20	305.16
12580	9.4532	9.2526	305.20	305.16
12590	9.3029	9.1062	305.19	305.15
12600	9.1538	8.9611	305.19	305.15
12610	9.0060	8.8172	305.19	305.15
12620	8.8595	8.6745	305.18	305.15
12630	8.7142	8.5331	305.18	305.14
12640	8.5702	8.3929	305.18	305.14
12650	8.4275	8.2539	305.17	305.14
12660	8.2860	8.1161	305.17	305.14
12670	8.1458	7.9796	305.16	305.14
12680	8.0068	7.8443	305.16	305.13
12690	7.8692	7.7103	305.16	305.13
12700	7.7327	7.5775	305.15	305.13
12710	7.5976	7.4459	305.15	305.13
12720	7.4637	7.3155	305.15	305.13
12730	7.3310	7.1864	305.14	305.12
12740	7.1997	7.0584	305.14	305.12
12750	7.0696	6.9318	305.14	305.12
12760	6.9407	6.8063	305.13	305.12
12770	6.8131	6.6821	305.13	305.12
12780	6.6868	6.5591	305.13	305.12
12790	6.5618	6.4374	305.12	305.11
12800	6.4380	6.3168	305.12	305.11
12810	6.3155	6.1975	305.12	305.11
12820	6.1942	6.0795	305.11	305.11
12830	6.0742	5.9626	305.11	305.11
12840	5.9555	5.8470	305.11	305.10
12850	5.8380	5.7327	305.10	305.10
12860	5.7218	5.6195	305.10	305.10
12870	5.6069	5.5076	305.10	305.10
12880	5.4932	5.3969	305.09	305.10
12890	5.3808	5.2875	305.09	305.10
12900	5.2696	5.1792	305.09	305.09
12910	5.1598	5.0722	305.08	305.09
12920	5.0511	4.9665	305.08	305.09
12930	4.9438	4.8619	305.08	305.09
12940	4.8377	4.7586	305.08	305.09
12950	4.7329	4.6565	305.07	305.09
12960	4.6293	4.5557	305.07	305.09
12970	4.5270	4.4561	305.07	305.08
12980	4.4259	4.3577	305.07	305.08
12990	4.3261	4.2605	305.06	305.08
13000	4.2276	4.1646	305.06	305.08
13010	4.1303	4.0699	305.06	305.08
13020	4.0343	3.9765	305.06	305.08
13030	3.9396	3.8842	305.05	305.08
13040	3.8462	3.7932	305.05	305.07
13050	3.7541	3.7034	305.05	305.07
13060	3.6632	3.6149	305.05	305.07
13070	3.5735	3.5276	305.04	305.07
13080	3.4851	3.4415	305.04	305.07
13090	3.3980	3.3566	305.04	305.07
13100	3.3121	3.2730	305.04	305.07
13110	3.2275	3.1906	305.03	305.06
13120	3.1442	3.1094	305.03	305.06
13130	3.0621	3.0295	305.03	305.06
13140	2.9813	2.9508	305.03	305.06
13150	2.9017	2.8733	305.03	305.06
13160	2.8235	2.7971	305.02	305.06
13170	2.7464	2.7221	305.02	305.06
13180	2.6707	2.6483	305.02	305.06
13190	2.5962	2.5757	305.02	305.06
13200	2.5230	2.5044	305.02	305.05
13210	2.4510	2.4343	305.02	305.05
13220	2.3803	2.3654	305.01	305.05
13230	2.3109	2.2978	305.01	305.05
13240	2.2427	2.2314	305.01	305.05
13250	2.1758	2.1662	305.01	305.05
13260	2.1101	2.1023	305.01	305.05
13270	2.0457	2.0396	305.01	305.05
13280	1.9826	1.9781	305.00	305.05
13290	1.9208	1.9178	305.00	305.04
13300	1.8602	1.8588	305.00	305.04
13310	1.8009	1.8010	305.00	305.04
13320	1.7428	1.7444	305.00	305.04
13330	1.6860	1.6891	305.00	305.04
13340	1.6305	1.6350	305.00	305.04
13350	1.5762	1.5821	304.99	305.04
13360	1.5232	1.5305	304.99	305.04
13370	1.4714	1.4801	304.99	305.04
13380	1.4210	1.4309	304.99	305.04
13390	1.3717	1.3829	304.99	305.04
13400	1.3238	1.3362	304.99	305.04
13410	1.2771	1.2907	304.99	305.03
13420	1.2317	1.2464	304.99	305.03
13430	1.1875	1.2034	304.99	305.03
13440	1.1446	1.1616	304.98	305.03
13450	1.1030	1.1210	304.98	305.03
13460	1.0626	1.0817	304.98	305.03
13470	1.0235	1.0436	304.98	305.03
13480	0.98566	1.0067	304.98	305.03
13490	0.94907	0.97103	304.98	305.03
13500	0.91374	0.93661	304.98	305.03
13510	0.87967	0.90341	304.98	305.03
13520	0.78918	0.80197	304.98	305.03
13530	0.69303	0.70829	304.97	305.03
13540	0.59764	0.61522	304.97	305.02
13550	0.50288	0.52277	304.97	305.02
13560	0.40866	0.43093	304.97	305.02
13570	0.31505	0.33969	304.96	305.02
13580	0.22207	0.24907	304.96	305.02
13590	0.12971	0.15905	304.96	305.02
13600	0.037977	0.069643	304.96	305.02
13610	-0.053130	-0.019145	304.95	305.01
13620	-0.14361	-0.10732	304.95	305.01
13630	-0.23346	-0.19490	304.95	305.01
13640	-0.32269	-0.28186	304.95	305.01
13650	-0.41129	-0.36821	304.94	305.01
13660	-0.49926	-0.45395	304.94	305.01
13670	-0.58661	-0.53908	304.94	305.01
13680	-0.67333	-0.62360	304.94	305.01
13690	-0.75942	-0.70751	304.94	305.00
13700	-0.84489	-0.79080	304.93	305.00
13710	-0.92973	-0.87349	304.93	305.00
13720	-1.0139	-0.95557	304.93	305.00
13730	-1.0975	-1.0370	304.93	305.00
13740	-1.1805	-1.1179	304.92	305.00
13750	-1.2629	-1.1981	304.92	305.00
13760	-1.3448	-1.2778	304.92	305.00
13770	-1.4259	-1.3568	304.92	304.99
13780	-1.5062	-1.4352	304.92	304.99
13790	-1.5859	-1.5130	304.91	304.99
13800	-1.6651	-1.5902	304.91	304.99
13810	-1.7436	-1.6668	304.91	304.99
13820	-1.8216	-1.7427	304.91	304.99
13830	-1.8989	-1.8181	304.91	304.99
13840	-1.9756	-1.8929	304.90	304.99
13850	-2.0516	-1.9670	304.90	304.99
13860	-2.1271	-2.0405	304.90	304.98
13870	-2.2019	-2.1134	304.90	304.98
13880	-2.2761	-2.1857	304.90	304.98
13890	-2.3496	-2.2574	304.89	304.98
13900	-2.4226	-2.3285	304.89	304.98
13910	-2.4949	-2.3990	304.89	304.98
13920	-2.5665	-2.4689	304.89	304.98
13930	-2.6376	-2.5381	304.89	304.98
13940	-2.7081	-2.6068	304.89	304.98
13950	-2.7780	-2.6748	304.88	304.97
13960	-2.8474	-2.7422	304.88	304.97
13970	-2.9160	-2.8090	304.88	304.97
13980	-2.9835	-2.8752	304.88	304.97
13990	-3.0507	-2.9408	304.88	304.97
14000	-3.1174	-3.0058	304.87	304.97
14010	-3.1834	-3.0702	304.87	304.97
14020	-3.2488	-3.1339	304.87	304.97
14030	-3.3136	-3.1971	304.87	304.97
14040	-3.3777	-3.2596	304.87	304.97
14050	-3.4413	-3.3215	304.87	304.96
14060	-3.5042	-3.3829	304.86	304.96
14070	-3.5664	-3.4436	304.86	304.96
14080	-3.6281	-3.5036	304.86	304.96
14090	-3.6891	-3.5631	304.86	304.96
14100	-3.7496	-3.6220	304.86	304.96
14110	-3.8097	-3.6803	304.86	304.96
14120	-3.8689	-3.7379	304.86	304.96
14130	-3.9270	-3.7950	304.85	304.96
14140	-3.9848	-3.8514	304.85	304.96
14150	-4.0421	-3.9072	304.85	304.96
14160	-4.0987	-3.9624	304.85	304.96
14170	-4.1547	-4.0170	304.85	304.95
14180	-4.2101	-4.0710	304.85	304.95
14190	-4.2648	-4.1244	304.85	304.95
14200	-4.3190	-4.1772	304.84	304.95
14210	-4.3729	-4.2293	304.84	304.95
14220	-4.4257	-4.2809	304.84	304.95
14230	-4.4776	-4.3318	304.84	304.95
14240	-4.5292	-4.3821	304.84	304.95
14250	-4.5802	-4.4318	304.84	304.95
14260	-4.6305	-4.4809	304.84	304.95
14270	-4.6805	-4.5294	304.83	304.95
14280	-4.7296	-4.5773	304.83	304.95
14290	-4.7779	-4.6246	304.83	304.94
14300	-4.8258	-4.6713	304.83	304.94
14310	-4.8730	-4.7173	304.83	304.94
14320	-4.9196	-4.7627	304.83	304.94
14330	-4.9655	-4.8076	304.83	304.94
14340	-5.0109	-4.8518	304.83	304.94
14350	-5.0556	-4.8954	304.83	304.94
14360	-5.0997	-4.9384	304.82	304.94
14370	-5.1432	-4.9808	304.82	304.94
14380	-5.1860	-5.0226	304.82	304.94
14390	-5.2282	-5.0637	304.82	304.94
14400	-5.2698	-5.1043	304.82	304.94
14410	-5.3108	-5.1442	304.82	304.94
14420	-5.3511	-5.1836	304.82	304.94
14430	-5.3908	-5.2223	304.82	304.94
14440	-5.4299	-5.2604	304.82	304.93
14450	-5.4683	-5.2979	304.82	304.93
14460	-5.5062	-5.3348	304.81	304.93
14470	-5.5434	-5.3711	304.81	304.93
14480	-5.5799	-5.4067	304.81	304.93
14490	-5.6159	-5.4418	304.81	304.93
14500	-5.6512	-5.4762	304.81	304.93
14510	-5.6859	-5.5101	304.81	304.93
14520	-5.7200	-5.5433	304.81	304.93
14530	-5.7534	-5.5759	304.81	304.93
14540	-5.7862	-5.6079	304.81	304.93
14550	-5.8184	-5.6393	304.81	304.93
14560	-5.8500	-5.6701	304.81	304.93
14570	-5.8809	-5.7003	304.81	304.93
14580	-5.9112	-5.7298	304.81	304.93
14590	-5.9409	-5.7588	304.80	304.93
14600	-5.9699	-5.7871	304.80	304.93
14610	-5.9983	-5.8149	304.80	304.93
14620	-6.0261	-5.8420	304.80	304.93
14630	-6.0533	-5.8685	304.80	304.93
14640	-6.0799	-5.8944	304.80	304.92
14650	-6.1058	-5.9197	304.80	304.92
14660	-6.1311	-5.9444	304.80	304.92
14670	-6.1557	-5.9684	304.80	304.92
14680	-6.1798	-5.9919	304.80	304.92
14690	-6.2032	-6.0147	304.80	304.92
14700	-6.2260	-6.0370	304.80	304.92
14710	-6.2481	-6.0586	304.80	304.92
14720	-6.2696	-6.0796	304.80	304.92
14730	-6.2905	-6.1000	304.80	304.92
14740	-6.3108	-6.1198	304.80	304.92
14750	-6.3305	-6.1390	304.80	304.92
14760	-6.3495	-6.1576	304.80	304.92
14770	-6.3679	-6.1755	304.80	304.92
14780	-6.3857	-6.1929	304.79	304.92
14790	-6.4028	-6.2096	304.79	304.92
14800	-6.4193	-6.2258	304.79	304.92
14810	-6.4352	-6.2413	304.79	304.92
14820	-6.4505	-6.2562	304.79	304.92
14830	-6.4651	-6.2705	304.79	304.92
14840	-6.4791	-6.2842	304.79	304.92
14850	-6.4925	-6.2972	304.79	304.92
14860	-6.5052	-6.3097	304.79	304.92
14870	-6.5174	-6.3216	304.79	304.92
14880	-6.5289	-6.3328	304.79	304.92
14890	-6.5397	-6.3435	304.79	304.92
14900	-6.5500	-6.3535	304.79	304.92
14910	-6.5596	-6.3629	304.79	304.92
14920	-6.5686	-6.3717	304.79	304.92
14930	-6.5770	-6.3799	304.79	304.92
14940	-6.5847	-6.3875	304.79	304.92
14950	-6.5918	-6.3944	304.79	304.92
14960	-6.5983	-6.4008	304.79	304.92
14970	-6.6042	-6.4066	304.79	304.92
14980	-6.6094	-6.4117	304.79	304.92
14990	-6.6140	-6.4162	304.79	304.92
15000	-6.6180	-6.4201	304.79	304.92
15010	-6.6213	-6.4234	304.79	304.92
15020	-6.6241	-6.4261	304.79	304.92
15030	-6.6262	-6.4282	304.79	304.92
15040	-6.6276	-6.4297	304.79	304.92
15050	-6.6285	-6.4306	304.79	304.92
15060	-6.6287	-6.4308	304.79	304.91
15070	-6.6283	-6.4305	304.79	304.91
15080	-6.6272	-6.4295	304.79	304.91
15090	-6.6256	-6.4279	304.79	304.91
15100	-6.6233	-6.4257	304.79	304.91
15110	-6.6204	-6.4230	304.79	304.91
15120	-6.6168	-6.4195	304.79	304.91
15130	-6.6127	-6.4155	304.79	304.91
15140	-6.6079	-6.4109	304.79	304.91
15150	-6.6024	-6.4057	304.79	304.91
15160	-6.5964	-6.3998	304.79	304.91
15170	-6.5897	-6.3933	304.80	304.91
15180	-6.5824	-6.3863	304.80	304.92
15190	-6.5745	-6.3786	304.80	304.92
15200	-6.5659	-6.3703	304.80	304.92
15210	-6.5567	-6.3614	304.80	304.92
15220	-6.5469	-6.3519	304.80	304.92
15230	-6.5365	-6.3418	304.80	304.92
15240	-6.5254	-6.3310	304.80	304.92
15250	-6.5137	-6.3197	304.80	304.92
15260	-6.5014	-6.3077	304.80	304.92
15270	-6.4885	-6.2952	304.80	304.92
15280	-6.4749	-6.2820	304.80	304.92
15290	-6.4607	-6.2682	304.80	304.92
15300	-6.4459	-6.2538	304.80	304.92
15310	-6.4304	-6.2388	304.80	304.92
15320	-6.4143	-6.2232	304.80	304.92
15330	-6.3976	-6.2069	304.80	304.92
15340	-6.3803	-6.1901	304.80	304.92
15350	-6.3623	-6.1726	304.80	304.92
15360	-6.3437	-6.1546	304.80	304.92
15370	-6.3245	-6.1359	304.81	304.92
15380	-6.3047	-6.1166	304.81	304.92
15390	-6.2842	-6.0967	304.81	304.92
15400	-6.2631	-6.0762	304.81	304.92
15410	-6.2414	-6.0551	304.81	304.92
15420	-6.2190	-6.0334	304.81	304.92
15430	-6.1961	-6.0110	304.81	304.92
15440	-6.1725	-5.9881	304.81	304.92
15450	-6.1482	-5.9645	304.81	304.92
15460	-6.1234	-5.9404	304.81	304.92
15470	-6.0979	-5.9156	304.81	304.92
15480	-6.0718	-5.8902	304.81	304.92
15490	-6.0451	-5.8642	304.82	304.92
15500	-6.0177	-5.8376	304.82	304.92
15510	-5.9897	-5.8104	304.82	304.92
15520	-5.9996	-5.8288	304.82	304.92
15530	-6.0136	-5.8425	304.82	304.92
15540	-6.0273	-5.8560	304.82	304.92
15550	-6.0409	-5.8694	304.82	304.92
15560	-6.0543	-5.8825	304.82	304.92
15570	-6.0675	-5.8954	304.82	304.92
15580	-6.0805	-5.9081	304.82	304.92
15590	-6.0932	-5.9207	304.81	304.92
15600	-6.1058	-5.9330	304.81	304.92
15610	-6.1182	-5.9451	304.81	304.92
15620	-6.1304	-5.9571	304.81	304.92
15630	-6.1424	-5.9688	304.81	304.92
15640	-6.1541	-5.9804	304.81	304.92
15650	-6.1657	-5.9918	304.81	304.92
15660	-6.1771	-6.0029	304.81	304.92
15670	-6.1883	-6.0139	304.81	304.92
15680	-6.1992	-6.0247	304.81	304.92
15690	-6.2100	-6.0352	304.81	304.92
15700	-6.2206	-6.0456	304.81	304.92
15710	-6.2310	-6.0558	304.81	304.92
15720	-6.2411	-6.0658	304.81	304.92
15730	-6.2511	-6.0756	304.81	304.92
15740	-6.2609	-6.0852	304.81	304.92
15750	-6.2704	-6.0946	304.81	304.92
15760	-6.2798	-6.1038	304.81	304.92
15770	-6.2890	-6.1128	304.81	304.92
15780	-6.2979	-6.1216	304.81	304.92
15790	-6.3067	-6.1302	304.81	304.92
15800	-6.3153	-6.1387	304.81	304.92
15810	-6.3236	-6.1469	304.81	304.92
15820	-6.3318	-6.1549	304.81	304.92
15830	-6.3398	-6.1628	304.81	304.92
15840	-6.3475	-6.1704	304.81	304.92
15850	-6.3551	-6.1779	304.81	304.92
15860	-6.3625	-6.1851	304.81	304.92
15870	-6.3696	-6.1922	304.81	304.91
15880	-6.3766	-6.1990	304.81	304.91
15890	-6.3834	-6.2057	304.81	304.91
15900	-6.3899	-6.2121	304.81	304.91
15910	-6.3963	-6.2184	304.81	304.91
15920	-6.4024	-6.2245	304.81	304.91
15930	-6.4084	-6.2304	304.81	304.91
15940	-6.4142	-6.2360	304.81	304.91
15950	-6.4197	-6.2415	304.81	304.91
15960	-6.4251	-6.2468	304.81	304.91
15970	-6.4302	-6.2519	304.81	304.91
15980	-6.4352	-6.2568	304.81	304.91
15990	-6.4400	-6.2615	304.81	304.91
16000	-6.4445	-6.2660	304.81	304.91
16010	-6.4489	-6.2703	304.81	304.91
16020	-6.4530	-6.2745	304.81	304.91
16030	-6.4570	-6.2784	304.81	304.91
16040	-6.4607	-6.2821	304.81	304.91
16050	-6.4643	-6.2856	304.81	304.91
16060	-6.4676	-6.2890	304.81	304.91
16070	-6.4708	-6.2921	304.81	304.91
16080	-6.4738	-6.2951	304.81	304.91
16090	-6.4765	-6.2978	304.81	304.91
16100	-6.4791	-6.3004	304.81	304.91
16110	-6.4814	-6.3027	304.81	304.91
16120	-6.4836	-6.3049	304.81	304.91
16130	-6.4855	-6.3068	304.81	304.91
16140	-6.4873	-6.3086	304.81	304.91
16150	-6.4888	-6.3102	304.81	304.91
16160	-6.4902	-6.3115	304.81	304.91
16170	-6.4913	-6.3127	304.81	304.91
16180	-6.4923	-6.3137	304.81	304.91
16190	-6.4930	-6.3145	304.81	304.91
16200	-6.4935	-6.3151	304.81	304.91
16210	-6.4939	-6.3155	304.81	304.91
16220	-6.4940	-6.3157	304.81	304.91
16230	-6.4940	-6.3157	304.81	304.91
16240	-6.4937	-6.3155	304.81	304.91
16250	-6.4933	-6.3151	304.81	304.91
16260	-6.4926	-6.3145	304.81	304.91
16270	-6.4918	-6.3138	304.81	304.91
16280	-6.4907	-6.3128	304.81	304.91
16290	-6.4894	-6.3116	304.81	304.91
16300	-6.4880	-6.3103	304.81	304.91
16310	-6.4863	-6.3087	304.81	304.91
16320	-6.4845	-6.3069	304.81	304.91
16330	-6.4824	-6.3050	304.81	304.91
16340	-6.4801	-6.3028	304.81	304.91
16350	-6.4777	-6.3005	304.81	304.91
16360	-6.4750	-6.2980	304.81	304.91
16370	-6.4721	-6.2952	304.81	304.91
16380	-6.4691	-6.2923	304.81	304.91
16390	-6.4658	-6.2892	304.81	304.91
16400	-6.4624	-6.2858	304.81	304.91
16410	-6.4587	-6.2823	304.81	304.91
16420	-6.4548	-6.2786	304.81	304.91
16430	-6.4508	-6.2747	304.81	304.91
16440	-6.4465	-6.2706	304.81	304.91
16450	-6.4420	-6.2663	304.81	304.91
16460	-6.4374	-6.2618	304.81	304.91
16470	-6.4325	-6.2571	304.81	304.91
16480	-6.4274	-6.2522	304.81	304.91
16490	-6.4222	-6.2471	304.81	304.91
16500	-6.4167	-6.2419	304.81	304.91
16510	-6.4110	-6.2364	304.81	304.91
16520	-6.4051	-6.2307	304.81	304.91
16530	-6.3991	-6.2248	304.82	304.91
16540	-6.3928	-6.2188	304.82	304.91
16550	-6.3863	-6.2125	304.82	304.91
16560	-6.3797	-6.2061	304.82	304.91
16570	-6.3728	-6.1994	304.82	304.91
16580	-6.3657	-6.1926	304.82	304.91
16590	-6.3584	-6.1855	304.82	304.91
16600	-6.3510	-6.1783	304.82	304.91
16610	-6.3433	-6.1709	304.82	304.91
16620	-6.3354	-6.1632	304.82	304.91
16630	-6.3273	-6.1554	304.82	304.91
16640	-6.3190	-6.1474	304.82	304.91
16650	-6.3106	-6.1392	304.82	304.91
16660	-6.3019	-6.1308	304.82	304.91
16670	-6.2930	-6.1222	304.82	304.91
16680	-6.2839	-6.1134	304.82	304.91
16690	-6.2747	-6.1044	304.82	304.91
16700	-6.2652	-6.0952	304.82	304.91
16710	-6.2555	-6.0858	304.82	304.91
16720	-6.2456	-6.0762	304.82	304.91
16730	-6.2355	-6.0664	304.82	304.91
16740	-6.2252	-6.0564	304.82	304.91
16750	-6.2148	-6.0462	304.82	304.91
16760	-6.2041	-6.0359	304.82	304.91
16770	-6.1932	-6.0253	304.82	304.91
16780	-6.1821	-6.0146	304.82	304.91
16790	-6.1708	-6.0036	304.82	304.92
16800	-6.1593	-5.9924	304.82	304.92
16810	-6.1477	-5.9811	304.82	304.92
16820	-6.1358	-5.9696	304.82	304.92
16830	-6.1237	-5.9578	304.82	304.92
16840	-6.1114	-5.9459	304.83	304.92
16850	-6.0989	-5.9337	304.83	304.92
16860	-6.0862	-5.9214	304.83	304.92
16870	-6.0733	-5.9089	304.83	304.92
16880	-6.0602	-5.8962	304.83	304.92
16890	-6.0469	-5.8833	304.83	304.92
16900	-6.0334	-5.8702	304.83	304.92
16910	-6.0198	-5.8568	304.83	304.92
16920	-6.0059	-5.8433	304.83	304.92
16930	-5.9918	-5.8296	304.83	304.92
16940	-5.9775	-5.8158	304.83	304.92
16950	-5.9630	-5.8017	304.83	304.92
16960	-5.9483	-5.7874	304.83	304.92
16970	-5.9334	-5.7729	304.83	304.92
16980	-5.9183	-5.7582	304.83	304.92
16990	-5.9030	-5.7434	304.83	304.92
17000	-5.8875	-5.7283	304.83	304.92
17010	-5.8718	-5.7130	304.83	304.92
17020	-5.8559	-5.6976	304.83	304.92
17030	-5.8398	-5.6819	304.83	304.92
17040	-5.8235	-5.6661	304.83	304.92
17050	-5.8070	-5.6500	304.84	304.92
17060	-5.7903	-5.6338	304.84	304.92
17070	-5.7734	-5.6173	304.84	304.92
17080	-5.7563	-5.6007	304.84	304.92
17090	-5.7390	-5.5839	304.84	304.92
17100	-5.7215	-5.5668	304.84	304.92
17110	-5.7038	-5.5496	304.84	304.92
17120	-5.6859	-5.5322	304.84	304.92
17130	-5.6678	-5.5146	304.84	304.92
17140	-5.6495	-5.4968	304.84	304.92
17150	-5.6310	-5.4788	304.84	304.92
17160	-5.6123	-5.4606	304.84	304.92
17170	-5.5934	-5.4422	304.84	304.92
17180	-5.5743	-5.4236	304.84	304.92
17190	-5.5550	-5.4048	304.84	304.92
17200	-5.5355	-5.3858	304.84	304.92
17210	-5.5158	-5.3666	304.84	304.92
17220	-5.4958	-5.3473	304.84	304.92
17230	-5.4757	-5.3277	304.85	304.92
17240	-5.4554	-5.3079	304.85	304.92
17250	-5.4349	-5.2880	304.85	304.92
17260	-5.4142	-5.2678	304.85	304.92
17270	-5.3933	-5.2475	304.85	304.93
17280	-5.3722	-5.2269	304.85	304.93
17290	-5.3509	-5.2062	304.85	304.93
17300	-5.3294	-5.1852	304.85	304.93
17310	-5.3077	-5.1641	304.85	304.93
17320	-5.2857	-5.1428	304.85	304.93
17330	-5.2636	-5.1212	304.85	304.93
17340	-5.2413	-5.0995	304.85	304.93
17350	-5.2188	-5.0776	304.85	304.93
17360	-5.1961	-5.0555	304.85	304.93
17370	-5.1732	-5.0332	304.85	304.93
17380	-5.1500	-5.0107	304.86	304.93
17390	-5.1267	-4.9880	304.86	304.93
17400	-5.1032	-4.9651	304.86	304.93
17410	-5.0795	-4.9420	304.86	304.93
17420	-5.0556	-4.9187	304.86	304.93
17430	-5.0315	-4.8952	304.86	304.93
17440	-5.0071	-4.8715	304.86	304.93
17450	-4.9826	-4.8476	304.86	304.93
17460	-4.9579	-4.8236	304.86	304.93
17470	-4.9330	-4.7993	304.86	304.93
17480	-4.9078	-4.7748	304.86	304.93
17490	-4.8825	-4.7502	304.86	304.93
17500	-4.8570	-4.7253	304.86	304.93
17510	-4.8313	-4.7003	304.86	304.93
17520	-4.8173	-4.6895	304.86	304.93
17530	-4.8047	-4.6772	304.87	304.93
17540	-4.7920	-4.6648	304.87	304.93
17550	-4.7793	-4.6525	304.87	304.93
17560	-4.7667	-4.6402	304.87	304.93
17570	-4.7540	-4.6279	304.87	304.93
17580	-4.7414	-4.6156	304.87	304.93
17590	-4.7287	-4.6033	304.87	304.93
17600	-4.7161	-4.5909	304.87	304.93
17610	-4.7034	-4.5786	304.87	304.93
17620	-4.6908	-4.5663	304.87	304.93
17630	-4.6781	-4.5540	304.87	304.93
17640	-4.6655	-4.5417	304.87	304.93
17650	-4.6528	-4.5294	304.87	304.94
17660	-4.6402	-4.5171	304.87	304.94
17670	-4.6275	-4.5047	304.87	304.94
17680	-4.6148	-4.4924	304.87	304.94
17690	-4.6022	-4.4801	304.87	304.94
17700	-4.5895	-4.4678	304.87	304.94
17710	-4.5769	-4.4555	304.87	304.94
17720	-4.5642	-4.4432	304.87	304.94
17730	-4.5516	-4.4308	304.87	304.94
17740	-4.5389	-4.4185	304.87	304.94
17750	-4.5263	-4.4062	304.87	304.94
17760	-4.5136	-4.3939	304.87	304.94
17770	-4.5010	-4.3816	304.87	304.94
17780	-4.4883	-4.3693	304.87	304.94
17790	-4.4757	-4.3569	304.87	304.94
17800	-4.4630	-4.3446	304.88	304.94
17810	-4.4504	-4.3323	304.88	304.94
17820	-4.4377	-4.3200	304.88	304.94
17830	-4.4250	-4.3077	304.88	304.94
17840	-4.4124	-4.2954	304.88	304.94
17850	-4.3997	-4.2830	304.88	304.94
17860	-4.3871	-4.2707	304.88	304.94
17870	-4.3744	-4.2584	304.88	304.94
17880	-4.3618	-4.2461	304.88	304.94
17890	-4.3491	-4.2338	304.88	304.94
17900	-4.3365	-4.2215	304.88	304.94
17910	-4.3238	-4.2091	304.88	304.94
17920	-4.3112	-4.1968	304.88	304.94
17930	-4.2985	-4.1845	304.88	304.94
17940	-4.2859	-4.1722	304.88	304.94
17950	-4.2732	-4.1599	304.88	304.94
17960	-4.2605	-4.1476	304.88	304.94
17970	-4.2479	-4.1352	304.88	304.94
17980	-4.2352	-4.1229	304.88	304.94
17990	-4.2226	-4.1106	304.88	304.94
18000	-4.2099	-4.0983	304.88	304.94
18010	-4.1973	-4.0860	304.88	304.94
18020	-4.1846	-4.0737	304.88	304.94
18030	-4.1720	-4.0613	304.88	304.94
18040	-4.1593	-4.0490	304.88	304.94
18050	-4.1467	-4.0367	304.88	304.94
18060	-4.1340	-4.0244	304.88	304.94
18070	-4.1214	-4.0121	304.88	304.94
18080	-4.1087	-3.9998	304.89	304.94
18090	-4.0960	-3.9874	304.89	304.94
18100	-4.0834	-3.9751	304.89	304.94
18110	-4.0707	-3.9628	304.89	304.94
18120	-4.0581	-3.9505	304.89	304.94
18130	-4.0454	-3.9382	304.89	304.94
18140	-4.0328	-3.9259	304.89	304.94
18150	-4.0201	-3.9135	304.89	304.94
18160	-4.0075	-3.9012	304.89	304.94
18170	-3.9948	-3.8889	304.89	304.94
18180	-3.9822	-3.8766	304.89	304.94
18190	-3.9695	-3.8643	304.89	304.94
18200	-3.9569	-3.8520	304.89	304.94
18210	-3.9442	-3.8396	304.89	304.94
18220	-3.9315	-3.8273	304.89	304.94
18230	-3.9189	-3.8150	304.89	304.95
18240	-3.9062	-3.8027	304.89	304.95
18250	-3.8936	-3.7904	304.89	304.95
18260	-3.8809	-3.7781	304.89	304.95
18270	-3.8683	-3.7657	304.89	304.95
18280	-3.8556	-3.7534	304.89	304.95
18290	-3.8430	-3.7411	304.89	304.95
18300	-3.8303	-3.7288	304.89	304.95
18310	-3.8177	-3.7165	304.89	304.95
18320	-3.8050	-3.7042	304.89	304.95
18330	-3.7924	-3.6918	304.89	304.95
18340	-3.7797	-3.6795	304.89	304.95
18350	-3.7670	-3.6672	304.89	304.95
18360	-3.7544	-3.6549	304.90	304.95
18370	-3.7417	-3.6426	304.90	304.95
18380	-3.7291	-3.6303	304.90	304.95
18390	-3.7164	-3.6179	304.90	304.95
18400	-3.7038	-3.6056	304.90	304.95
18410	-3.6911	-3.5933	304.90	304.95
18420	-3.6785	-3.5810	304.90	304.95
18430	-3.6658	-3.5687	304.90	304.95
18440	-3.6532	-3.5564	304.90	304.95
18450	-3.6405	-3.5441	304.90	304.95
18460	-3.6279	-3.5317	304.90	304.95
18470	-3.6152	-3.5194	304.90	304.95
18480	-3.6025	-3.5071	304.90	304.95
18490	-3.5899	-3.4948	304.90	304.95
18500	-3.5772	-3.4825	304.90	304.95
18510	-3.5646	-3.4702	304.90	304.95
18520	-3.5519	-3.4578	304.90	304.95
18530	-3.5393	-3.4455	304.90	304.95
18540	-3.5266	-3.4332	304.90	304.95
18550	-3.5140	-3.4209	304.90	304.95
18560	-3.5013	-3.4086	304.90	304.95
18570	-3.4887	-3.3963	304.90	304.95
18580	-3.4760	-3.3839	304.90	304.95
18590	-3.4634	-3.3716	304.90	304.95
18600	-3.4507	-3.3593	304.90	304.95
18610	-3.4380	-3.3470	304.90	304.95
18620	-3.4254	-3.3347	304.90	304.95
18630	-3.4127	-3.3224	304.91	304.95
18640	-3.4001	-3.3100	304.91	304.95
18650	-3.3874	-3.2977	304.91	304.95
18660	-3.3748	-3.2854	304.91	304.95
18670	-3.3621	-3.2731	304.91	304.95
18680	-3.3495	-3.2608	304.91	304.95
18690	-3.3368	-3.2485	304.91	304.95
18700	-3.3242	-3.2361	304.91	304.95
18710	-3.3115	-3.2238	304.91	304.95
18720	-3.2989	-3.2115	304.91	304.95
18730	-3.2862	-3.1992	304.91	304.95
18740	-3.2736	-3.1869	304.91	304.95
18750	-3.2609	-3.1746	304.91	304.95
18760	-3.2482	-3.1622	304.91	304.95
18770	-3.2356	-3.1499	304.91	304.95
18780	-3.2229	-3.1376	304.91	304.95
18790	-3.2103	-3.1253	304.91	304.95
18800	-3.1976	-3.1130	304.91	304.96
18810	-3.1850	-3.1007	304.91	304.96
18820	-3.1723	-3.0883	304.91	304.96
18830	-3.1597	-3.0760	304.91	304.96
18840	-3.1470	-3.0637	304.91	304.96
18850	-3.1344	-3.0514	304.91	304.96
18860	-3.1217	-3.0391	304.91	304.96
18870	-3.1091	-3.0268	304.91	304.96
18880	-3.0964	-3.0144	304.91	304.96
18890	-3.0837	-3.0021	304.91	304.96
18900	-3.0711	-2.9898	304.91	304.96
18910	-3.0584	-2.9775	304.92	304.96
18920	-3.0458	-2.9652	304.92	304.96
18930	-3.0331	-2.9529	304.92	304.96
18940	-3.0205	-2.9405	304.92	304.96
18950	-3.0078	-2.9282	304.92	304.96
18960	-2.9952	-2.9159	304.92	304.96
18970	-2.9825	-2.9036	304.92	304.96
18980	-2.9699	-2.8913	304.92	304.96
18990	-2.9572	-2.8790	304.92	304.96
19000	-2.9446	-2.8666	304.92	304.96
19010	-2.9319	-2.8543	304.92	304.96
19020	-2.9192	-2.8420	304.92	304.96
19030	-2.9066	-2.8297	304.92	304.96
19040	-2.8939	-2.8174	304.92	304.96
19050	-2.8813	-2.8051	304.92	304.96
19060	-2.8686	-2.7927	304.92	304.96
19070	-2.8560	-2.7804	304.92	304.96
19080	-2.8433	-2.7681	304.92	304.96
19090	-2.8307	-2.7558	304.92	304.96
19100	-2.8180	-2.7435	304.92	304.96
19110	-2.8054	-2.7312	304.92	304.96
19120	-2.7927	-2.7188	304.92	304.96
19130	-2.7801	-2.7065	304.92	304.96
19140	-2.7674	-2.6942	304.92	304.96
19150	-2.7547	-2.6819	304.92	304.96
19160	-2.7421	-2.6696	304.92	304.96
19170	-2.7294	-2.6573	304.92	304.96
19180	-2.7168	-2.6450	304.93	304.96
19190	-2.7041	-2.6326	304.93	304.96
19200	-2.6915	-2.6203	304.93	304.96
19210	-2.6788	-2.6080	304.93	304.96
19220	-2.6662	-2.5957	304.93	304.96
19230	-2.6535	-2.5834	304.93	304.96
19240	-2.6409	-2.5711	304.93	304.96
19250	-2.6282	-2.5587	304.93	304.96
19260	-2.6156	-2.5464	304.93	304.96
19270	-2.6029	-2.5341	304.93	304.96
19280	-2.5902	-2.5218	304.93	304.96
19290	-2.5776	-2.5095	304.93	304.96
19300	-2.5649	-2.4972	304.93	304.96
19310	-2.5523	-2.4848	304.93	304.96
19320	-2.5396	-2.4725	304.93	304.96
19330	-2.5270	-2.4602	304.93	304.96
19340	-2.5143	-2.4479	304.93	304.96
19350	-2.5017	-2.4356	304.93	304.96
19360	-2.4890	-2.4233	304.93	304.96
19370	-2.4764	-2.4109	304.93	304.96
19380	-2.4637	-2.3986	304.93	304.97
19390	-2.4511	-2.3863	304.93	304.97
19400	-2.4384	-2.3740	304.93	304.97
19410	-2.4257	-2.3617	304.93	304.97
19420	-2.4131	-2.3494	304.93	304.97
19430	-2.4004	-2.3370	304.93	304.97
19440	-2.3878	-2.3247	304.93	304.97
19450	-2.3751	-2.3124	304.93	304.97
19460	-2.3625	-2.3001	304.94	304.97
19470	-2.3498	-2.2878	304.94	304.97
19480	-2.3372	-2.2755	304.94	304.97
19490	-2.3245	-2.2631	304.94	304.97
19500	-2.3119	-2.2508	304.94	304.97
19510	-2.2992	-2.2385	304.94	304.97
19520	-2.2925	-2.2333	304.94	304.97
19530	-2.2864	-2.2273	304.94	304.97
19540	-2.2803	-2.2214	304.94	304.97
19550	-2.2742	-2.2155	304.94	304.97
19560	-2.2681	-2.2095	304.94	304.97
19570	-2.2620	-2.2036	304.94	304.97
19580	-2.2559	-2.1976	304.94	304.97
19590	-2.2498	-2.1917	304.94	304.97
19600	-2.2437	-2.1858	304.94	304.97
19610	-2.2376	-2.1798	304.94	304.97
19620	-2.2315	-2.1739	304.94	304.97
19630	-2.2254	-2.1679	304.94	304.97
19640	-2.2193	-2.1620	304.94	304.97
19650	-2.2132	-2.1561	304.94	304.97
19660	-2.2071	-2.1501	304.94	304.97
19670	-2.2010	-2.1442	304.94	304.97
19680	-2.1949	-2.1382	304.94	304.97
19690	-2.1888	-2.1323	304.94	304.97
19700	-2.1827	-2.1264	304.94	304.97
19710	-2.1766	-2.1204	304.94	304.97
19720	-2.1705	-2.1145	304.94	304.97
19730	-2.1644	-2.1085	304.94	304.97
19740	-2.1583	-2.1026	304.94	304.97
19750	-2.1522	-2.0967	304.94	304.97
19760	-2.1461	-2.0907	304.94	304.97
19770	-2.1400	-2.0848	304.94	304.97
19780	-2.1339	-2.0788	304.94	304.97
19790	-2.1278	-2.0729	304.94	304.97
19800	-2.1217	-2.0670	304.94	304.97
19810	-2.1156	-2.0610	304.94	304.97
19820	-2.1095	-2.0551	304.94	304.97
19830	-2.1034	-2.0491	304.94	304.97
19840	-2.0973	-2.0432	304.94	304.97
19850	-2.0912	-2.0373	304.94	304.97
19860	-2.0851	-2.0313	304.94	304.97
19870	-2.0790	-2.0254	304.94	304.97
19880	-2.0729	-2.0194	304.94	304.97
19890	-2.0668	-2.0135	304.94	304.97
19900	-2.0607	-2.0075	304.94	304.97
19910	-2.0546	-2.0016	304.94	304.97
19920	-2.0485	-1.9957	304.94	304.97
19930	-2.0424	-1.9897	304.94	304.97
19940	-2.0363	-1.9838	304.94	304.97
19950	-2.0302	-1.9778	304.94	304.97
19960	-2.0241	-1.9719	304.94	304.97
19970	-2.0180	-1.9660	304.94	304.97
19980	-2.0119	-1.9600	304.95	304.97
19990	-2.0058	-1.9541	304.95	304.97
20000	-1.9997	-1.9481	304.95	304.97
