#--------------------------------------------------
#
#     MESH
#
#--------------------------------------------------
# _____________________
# | node id |x pos[m] |
# |_________|_________|


ciment
{
0     0.00000e+00
1     2.00000e-03
2     4.00000e-03
3     6.00000e-03
4     8.00000e-03
5     1.00000e-02
6     1.20000e-02
7     1.40000e-02
8     1.60000e-02
9     1.80000e-02
10     2.00000e-02
}

brique
{
10     0.00000e+00
11     2.20000e-02
12     4.40000e-02
13     6.60000e-02
14     8.80000e-02
15     1.10000e-01
16     1.32000e-01
17     1.54000e-01
18     1.76000e-01
19     1.98000e-01
20     2.20000e-01
}

isolant
{
20     0.00000e+00
21     4.00000e-03
22     8.00000e-03
23     1.20000e-02
24     1.60000e-02
25     2.00000e-02
26     2.40000e-02
27     2.80000e-02
28     3.20000e-02
29     3.60000e-02
30     4.00000e-02
}

