# --------------------------------------------------
#      SOLUTION
# 
# --------------------------------------------------
# 
# |time|node 0|...|node n|
# 
0.00000e+00 1.01720e+05
1.00100e+00 1.04329e+05
2.00200e+00 1.04544e+05
3.00300e+00 1.04754e+05
4.00400e+00 1.04958e+05
5.00501e+00 1.05157e+05
6.00601e+00 1.05351e+05
7.00701e+00 1.05540e+05
8.00801e+00 1.05724e+05
9.00901e+00 1.05904e+05
1.00100e+01 1.06079e+05
1.10110e+01 1.06249e+05
1.20120e+01 1.06415e+05
1.30130e+01 1.06577e+05
1.40140e+01 1.06735e+05
1.50150e+01 1.06889e+05
1.60160e+01 1.07039e+05
1.70170e+01 1.07185e+05
1.80180e+01 1.07327e+05
1.90190e+01 1.07466e+05
2.00200e+01 1.07601e+05
2.10210e+01 1.07733e+05
2.20220e+01 1.07862e+05
2.30230e+01 1.07987e+05
2.40240e+01 1.08109e+05
2.50250e+01 1.08228e+05
2.60260e+01 1.08344e+05
2.70270e+01 1.08457e+05
2.80280e+01 1.08567e+05
2.90290e+01 1.08674e+05
3.00300e+01 1.08779e+05
3.10310e+01 1.08880e+05
3.20320e+01 1.08980e+05
3.30330e+01 1.09077e+05
3.40340e+01 1.09171e+05
3.50350e+01 1.09263e+05
3.60360e+01 1.09352e+05
3.70370e+01 1.09440e+05
3.80380e+01 1.09525e+05
3.90390e+01 1.09608e+05
4.00400e+01 1.09689e+05
4.10410e+01 1.09767e+05
4.20420e+01 1.09844e+05
4.30430e+01 1.09919e+05
4.40440e+01 1.09992e+05
4.50450e+01 1.10063e+05
4.60460e+01 1.10132e+05
4.70470e+01 1.10200e+05
4.80480e+01 1.10265e+05
4.90490e+01 1.10330e+05
5.00501e+01 1.10392e+05
5.10511e+01 1.10453e+05
5.20521e+01 1.10512e+05
5.30531e+01 1.10570e+05
5.40541e+01 1.10626e+05
5.50551e+01 1.10681e+05
5.60561e+01 1.10735e+05
5.70571e+01 1.10787e+05
5.80581e+01 1.10838e+05
5.90591e+01 1.10887e+05
6.00601e+01 1.10936e+05
6.10611e+01 1.10983e+05
6.20621e+01 1.11029e+05
6.30631e+01 1.11073e+05
6.40641e+01 1.11117e+05
6.50651e+01 1.11159e+05
6.60661e+01 1.11201e+05
6.70671e+01 1.11241e+05
6.80681e+01 1.11280e+05
6.90691e+01 1.11319e+05
7.00701e+01 1.11356e+05
7.10711e+01 1.11393e+05
7.20721e+01 1.11428e+05
7.30731e+01 1.11463e+05
7.40741e+01 1.11496e+05
7.50751e+01 1.11529e+05
7.60761e+01 1.11561e+05
7.70771e+01 1.11592e+05
7.80781e+01 1.11623e+05
7.90791e+01 1.11652e+05
8.00801e+01 1.11681e+05
8.10811e+01 1.11709e+05
8.20821e+01 1.11737e+05
8.30831e+01 1.11763e+05
8.40841e+01 1.11789e+05
8.50851e+01 1.11815e+05
8.60861e+01 1.11839e+05
8.70871e+01 1.11864e+05
8.80881e+01 1.11887e+05
8.90891e+01 1.11910e+05
9.00901e+01 1.11932e+05
9.10911e+01 1.11954e+05
9.20921e+01 1.11975e+05
9.30931e+01 1.11996e+05
9.40941e+01 1.12016e+05
9.50951e+01 1.12036e+05
9.60961e+01 1.12055e+05
9.70971e+01 1.12073e+05
9.80981e+01 1.12092e+05
9.90991e+01 1.12109e+05
1.00100e+02 1.12126e+05
1.01101e+02 1.12143e+05
1.02102e+02 1.12160e+05
1.03103e+02 1.12176e+05
1.04104e+02 1.12191e+05
1.05105e+02 1.12206e+05
1.06106e+02 1.12221e+05
1.07107e+02 1.12236e+05
1.08108e+02 1.12250e+05
1.09109e+02 1.12263e+05
1.10110e+02 1.12277e+05
1.11111e+02 1.12290e+05
1.12112e+02 1.12302e+05
1.13113e+02 1.12315e+05
1.14114e+02 1.12327e+05
1.15115e+02 1.12338e+05
1.16116e+02 1.12350e+05
1.17117e+02 1.12361e+05
1.18118e+02 1.12372e+05
1.19119e+02 1.12382e+05
1.20120e+02 1.12393e+05
1.21121e+02 1.12403e+05
1.22122e+02 1.12412e+05
1.23123e+02 1.12422e+05
1.24124e+02 1.12431e+05
1.25125e+02 1.12440e+05
1.26126e+02 1.12449e+05
1.27127e+02 1.12458e+05
1.28128e+02 1.12466e+05
1.29129e+02 1.12474e+05
1.30130e+02 1.12482e+05
1.31131e+02 1.12490e+05
1.32132e+02 1.12498e+05
1.33133e+02 1.12505e+05
1.34134e+02 1.12512e+05
1.35135e+02 1.12519e+05
1.36136e+02 1.12526e+05
1.37137e+02 1.12533e+05
1.38138e+02 1.12539e+05
1.39139e+02 1.12545e+05
1.40140e+02 1.12552e+05
1.41141e+02 1.12558e+05
1.42142e+02 1.12564e+05
1.43143e+02 1.12569e+05
1.44144e+02 1.12575e+05
1.45145e+02 1.12580e+05
1.46146e+02 1.12585e+05
1.47147e+02 1.12591e+05
1.48148e+02 1.12596e+05
1.49149e+02 1.12601e+05
1.50150e+02 1.12605e+05
1.51151e+02 1.12610e+05
1.52152e+02 1.12614e+05
1.53153e+02 1.12619e+05
1.54154e+02 1.12623e+05
1.55155e+02 1.12627e+05
1.56156e+02 1.12631e+05
1.57157e+02 1.12635e+05
1.58158e+02 1.12639e+05
1.59159e+02 1.12643e+05
1.60160e+02 1.12647e+05
1.61161e+02 1.12650e+05
1.62162e+02 1.12654e+05
1.63163e+02 1.12657e+05
1.64164e+02 1.12661e+05
1.65165e+02 1.12664e+05
1.66166e+02 1.12667e+05
1.67167e+02 1.12670e+05
1.68168e+02 1.12673e+05
1.69169e+02 1.12676e+05
1.70170e+02 1.12679e+05
1.71171e+02 1.12682e+05
1.72172e+02 1.12684e+05
1.73173e+02 1.12687e+05
1.74174e+02 1.12689e+05
1.75175e+02 1.12692e+05
1.76176e+02 1.12694e+05
1.77177e+02 1.12697e+05
1.78178e+02 1.12699e+05
1.79179e+02 1.12701e+05
1.80180e+02 1.12703e+05
1.81181e+02 1.12706e+05
1.82182e+02 1.12708e+05
1.83183e+02 1.12710e+05
1.84184e+02 1.12712e+05
1.85185e+02 1.12714e+05
1.86186e+02 1.12716e+05
1.87187e+02 1.12717e+05
1.88188e+02 1.12719e+05
1.89189e+02 1.12721e+05
1.90190e+02 1.12723e+05
1.91191e+02 1.12724e+05
1.92192e+02 1.12726e+05
1.93193e+02 1.12727e+05
1.94194e+02 1.12729e+05
1.95195e+02 1.12731e+05
1.96196e+02 1.12732e+05
1.97197e+02 1.12733e+05
1.98198e+02 1.12735e+05
1.99199e+02 1.12736e+05
