# --------------------------------------------------
#      SOLUTION
# 
# --------------------------------------------------
# 
# |time|node 0|...|node n|
# 
0.00000e+00 2.85150e+02
1.00100e+00 2.92464e+02
2.00200e+00 2.93067e+02
3.00300e+00 2.93654e+02
4.00400e+00 2.94227e+02
5.00501e+00 2.94784e+02
6.00601e+00 2.95328e+02
7.00701e+00 2.95858e+02
8.00801e+00 2.96374e+02
9.00901e+00 2.96878e+02
1.00100e+01 2.97368e+02
1.10110e+01 2.97846e+02
1.20120e+01 2.98312e+02
1.30130e+01 2.98766e+02
1.40140e+01 2.99208e+02
1.50150e+01 2.99640e+02
1.60160e+01 3.00060e+02
1.70170e+01 3.00469e+02
1.80180e+01 3.00869e+02
1.90190e+01 3.01258e+02
2.00200e+01 3.01637e+02
2.10210e+01 3.02006e+02
2.20220e+01 3.02366e+02
2.30230e+01 3.02717e+02
2.40240e+01 3.03059e+02
2.50250e+01 3.03393e+02
2.60260e+01 3.03718e+02
2.70270e+01 3.04034e+02
2.80280e+01 3.04343e+02
2.90290e+01 3.04643e+02
3.00300e+01 3.04937e+02
3.10310e+01 3.05222e+02
3.20320e+01 3.05501e+02
3.30330e+01 3.05772e+02
3.40340e+01 3.06036e+02
3.50350e+01 3.06294e+02
3.60360e+01 3.06545e+02
3.70370e+01 3.06790e+02
3.80380e+01 3.07028e+02
3.90390e+01 3.07261e+02
4.00400e+01 3.07487e+02
4.10410e+01 3.07708e+02
4.20420e+01 3.07923e+02
4.30430e+01 3.08133e+02
4.40440e+01 3.08338e+02
4.50450e+01 3.08537e+02
4.60460e+01 3.08731e+02
4.70470e+01 3.08920e+02
4.80480e+01 3.09105e+02
4.90490e+01 3.09284e+02
5.00501e+01 3.09459e+02
5.10511e+01 3.09630e+02
5.20521e+01 3.09796e+02
5.30531e+01 3.09959e+02
5.40541e+01 3.10117e+02
5.50551e+01 3.10271e+02
5.60561e+01 3.10421e+02
5.70571e+01 3.10567e+02
5.80581e+01 3.10709e+02
5.90591e+01 3.10848e+02
6.00601e+01 3.10984e+02
6.10611e+01 3.11116e+02
6.20621e+01 3.11244e+02
6.30631e+01 3.11370e+02
6.40641e+01 3.11492e+02
6.50651e+01 3.11611e+02
6.60661e+01 3.11727e+02
6.70671e+01 3.11840e+02
6.80681e+01 3.11950e+02
6.90691e+01 3.12057e+02
7.00701e+01 3.12162e+02
7.10711e+01 3.12264e+02
7.20721e+01 3.12364e+02
7.30731e+01 3.12460e+02
7.40741e+01 3.12555e+02
7.50751e+01 3.12647e+02
7.60761e+01 3.12737e+02
7.70771e+01 3.12824e+02
7.80781e+01 3.12909e+02
7.90791e+01 3.12992e+02
8.00801e+01 3.13073e+02
8.10811e+01 3.13152e+02
8.20821e+01 3.13229e+02
8.30831e+01 3.13304e+02
8.40841e+01 3.13377e+02
8.50851e+01 3.13448e+02
8.60861e+01 3.13517e+02
8.70871e+01 3.13585e+02
8.80881e+01 3.13651e+02
8.90891e+01 3.13715e+02
9.00901e+01 3.13777e+02
9.10911e+01 3.13838e+02
9.20921e+01 3.13898e+02
9.30931e+01 3.13956e+02
9.40941e+01 3.14012e+02
9.50951e+01 3.14067e+02
9.60961e+01 3.14121e+02
9.70971e+01 3.14173e+02
9.80981e+01 3.14224e+02
9.90991e+01 3.14273e+02
1.00100e+02 3.14322e+02
1.01101e+02 3.14369e+02
1.02102e+02 3.14415e+02
1.03103e+02 3.14459e+02
1.04104e+02 3.14503e+02
1.05105e+02 3.14546e+02
1.06106e+02 3.14587e+02
1.07107e+02 3.14627e+02
1.08108e+02 3.14667e+02
1.09109e+02 3.14705e+02
1.10110e+02 3.14742e+02
1.11111e+02 3.14779e+02
1.12112e+02 3.14814e+02
1.13113e+02 3.14849e+02
1.14114e+02 3.14883e+02
1.15115e+02 3.14916e+02
1.16116e+02 3.14948e+02
1.17117e+02 3.14979e+02
1.18118e+02 3.15009e+02
1.19119e+02 3.15039e+02
1.20120e+02 3.15068e+02
1.21121e+02 3.15096e+02
1.22122e+02 3.15123e+02
1.23123e+02 3.15150e+02
1.24124e+02 3.15176e+02
1.25125e+02 3.15202e+02
1.26126e+02 3.15226e+02
1.27127e+02 3.15250e+02
1.28128e+02 3.15274e+02
1.29129e+02 3.15297e+02
1.30130e+02 3.15319e+02
1.31131e+02 3.15341e+02
1.32132e+02 3.15362e+02
1.33133e+02 3.15383e+02
1.34134e+02 3.15403e+02
1.35135e+02 3.15423e+02
1.36136e+02 3.15442e+02
1.37137e+02 3.15460e+02
1.38138e+02 3.15479e+02
1.39139e+02 3.15496e+02
1.40140e+02 3.15514e+02
1.41141e+02 3.15530e+02
1.42142e+02 3.15547e+02
1.43143e+02 3.15563e+02
1.44144e+02 3.15578e+02
1.45145e+02 3.15594e+02
1.46146e+02 3.15608e+02
1.47147e+02 3.15623e+02
1.48148e+02 3.15637e+02
1.49149e+02 3.15650e+02
1.50150e+02 3.15664e+02
1.51151e+02 3.15677e+02
1.52152e+02 3.15690e+02
1.53153e+02 3.15702e+02
1.54154e+02 3.15714e+02
1.55155e+02 3.15726e+02
1.56156e+02 3.15737e+02
1.57157e+02 3.15748e+02
1.58158e+02 3.15759e+02
1.59159e+02 3.15770e+02
1.60160e+02 3.15780e+02
1.61161e+02 3.15790e+02
1.62162e+02 3.15800e+02
1.63163e+02 3.15809e+02
1.64164e+02 3.15819e+02
1.65165e+02 3.15828e+02
1.66166e+02 3.15837e+02
1.67167e+02 3.15845e+02
1.68168e+02 3.15854e+02
1.69169e+02 3.15862e+02
1.70170e+02 3.15870e+02
1.71171e+02 3.15878e+02
1.72172e+02 3.15885e+02
1.73173e+02 3.15893e+02
1.74174e+02 3.15900e+02
1.75175e+02 3.15907e+02
1.76176e+02 3.15914e+02
1.77177e+02 3.15920e+02
1.78178e+02 3.15927e+02
1.79179e+02 3.15933e+02
1.80180e+02 3.15939e+02
1.81181e+02 3.15945e+02
1.82182e+02 3.15951e+02
1.83183e+02 3.15957e+02
1.84184e+02 3.15962e+02
1.85185e+02 3.15968e+02
1.86186e+02 3.15973e+02
1.87187e+02 3.15978e+02
1.88188e+02 3.15983e+02
1.89189e+02 3.15988e+02
1.90190e+02 3.15993e+02
1.91191e+02 3.15998e+02
1.92192e+02 3.16002e+02
1.93193e+02 3.16006e+02
1.94194e+02 3.16011e+02
1.95195e+02 3.16015e+02
1.96196e+02 3.16019e+02
1.97197e+02 3.16023e+02
1.98198e+02 3.16027e+02
1.99199e+02 3.16031e+02
