# --------------------------------------------------
#      SOLUTION
# 
# --------------------------------------------------
# 
# |time|node 0|...|node n|
# 
0.00000e+00 2.85150e+02
1.00100e+00 2.85838e+02
2.00200e+00 2.86510e+02
3.00300e+00 2.87165e+02
4.00400e+00 2.87803e+02
5.00501e+00 2.88425e+02
6.00601e+00 2.89032e+02
7.00701e+00 2.89623e+02
8.00801e+00 2.90198e+02
9.00901e+00 2.90760e+02
1.00100e+01 2.91307e+02
1.10110e+01 2.91840e+02
1.20120e+01 2.92359e+02
1.30130e+01 2.92865e+02
1.40140e+01 2.93359e+02
1.50150e+01 2.93840e+02
1.60160e+01 2.94308e+02
1.70170e+01 2.94765e+02
1.80180e+01 2.95210e+02
1.90190e+01 2.95644e+02
2.00200e+01 2.96067e+02
2.10210e+01 2.96479e+02
2.20220e+01 2.96880e+02
2.30230e+01 2.97272e+02
2.40240e+01 2.97653e+02
2.50250e+01 2.98025e+02
2.60260e+01 2.98387e+02
2.70270e+01 2.98740e+02
2.80280e+01 2.99084e+02
2.90290e+01 2.99420e+02
3.00300e+01 2.99746e+02
3.10310e+01 3.00065e+02
3.20320e+01 3.00375e+02
3.30330e+01 3.00678e+02
3.40340e+01 3.00973e+02
3.50350e+01 3.01260e+02
3.60360e+01 3.01540e+02
3.70370e+01 3.01813e+02
3.80380e+01 3.02079e+02
3.90390e+01 3.02338e+02
4.00400e+01 3.02591e+02
4.10410e+01 3.02837e+02
4.20420e+01 3.03077e+02
4.30430e+01 3.03311e+02
4.40440e+01 3.03539e+02
4.50450e+01 3.03761e+02
4.60460e+01 3.03978e+02
4.70470e+01 3.04189e+02
4.80480e+01 3.04394e+02
4.90490e+01 3.04595e+02
5.00501e+01 3.04790e+02
5.10511e+01 3.04980e+02
5.20521e+01 3.05166e+02
5.30531e+01 3.05347e+02
5.40541e+01 3.05523e+02
5.50551e+01 3.05695e+02
5.60561e+01 3.05862e+02
5.70571e+01 3.06025e+02
5.80581e+01 3.06184e+02
5.90591e+01 3.06339e+02
6.00601e+01 3.06490e+02
6.10611e+01 3.06637e+02
6.20621e+01 3.06780e+02
6.30631e+01 3.06920e+02
6.40641e+01 3.07056e+02
6.50651e+01 3.07189e+02
6.60661e+01 3.07319e+02
6.70671e+01 3.07445e+02
6.80681e+01 3.07567e+02
6.90691e+01 3.07687e+02
7.00701e+01 3.07804e+02
7.10711e+01 3.07918e+02
7.20721e+01 3.08029e+02
7.30731e+01 3.08137e+02
7.40741e+01 3.08242e+02
7.50751e+01 3.08345e+02
7.60761e+01 3.08445e+02
7.70771e+01 3.08542e+02
7.80781e+01 3.08637e+02
7.90791e+01 3.08730e+02
8.00801e+01 3.08820e+02
8.10811e+01 3.08908e+02
8.20821e+01 3.08993e+02
8.30831e+01 3.09077e+02
8.40841e+01 3.09158e+02
8.50851e+01 3.09238e+02
8.60861e+01 3.09315e+02
8.70871e+01 3.09390e+02
8.80881e+01 3.09464e+02
8.90891e+01 3.09535e+02
9.00901e+01 3.09605e+02
9.10911e+01 3.09673e+02
9.20921e+01 3.09739e+02
9.30931e+01 3.09804e+02
9.40941e+01 3.09867e+02
9.50951e+01 3.09928e+02
9.60961e+01 3.09988e+02
9.70971e+01 3.10046e+02
9.80981e+01 3.10103e+02
9.90991e+01 3.10158e+02
1.00100e+02 3.10212e+02
1.01101e+02 3.10265e+02
1.02102e+02 3.10316e+02
1.03103e+02 3.10366e+02
1.04104e+02 3.10414e+02
1.05105e+02 3.10462e+02
1.06106e+02 3.10508e+02
1.07107e+02 3.10553e+02
1.08108e+02 3.10597e+02
1.09109e+02 3.10640e+02
1.10110e+02 3.10681e+02
1.11111e+02 3.10722e+02
1.12112e+02 3.10762e+02
1.13113e+02 3.10800e+02
1.14114e+02 3.10838e+02
1.15115e+02 3.10874e+02
1.16116e+02 3.10910e+02
1.17117e+02 3.10945e+02
1.18118e+02 3.10979e+02
1.19119e+02 3.11012e+02
1.20120e+02 3.11044e+02
1.21121e+02 3.11075e+02
1.22122e+02 3.11106e+02
1.23123e+02 3.11136e+02
1.24124e+02 3.11165e+02
1.25125e+02 3.11193e+02
1.26126e+02 3.11221e+02
1.27127e+02 3.11248e+02
1.28128e+02 3.11274e+02
1.29129e+02 3.11300e+02
1.30130e+02 3.11324e+02
1.31131e+02 3.11349e+02
1.32132e+02 3.11372e+02
1.33133e+02 3.11395e+02
1.34134e+02 3.11418e+02
1.35135e+02 3.11440e+02
1.36136e+02 3.11461e+02
1.37137e+02 3.11482e+02
1.38138e+02 3.11502e+02
1.39139e+02 3.11522e+02
1.40140e+02 3.11541e+02
1.41141e+02 3.11560e+02
1.42142e+02 3.11578e+02
1.43143e+02 3.11596e+02
1.44144e+02 3.11613e+02
1.45145e+02 3.11630e+02
1.46146e+02 3.11647e+02
1.47147e+02 3.11663e+02
1.48148e+02 3.11679e+02
1.49149e+02 3.11694e+02
1.50150e+02 3.11709e+02
1.51151e+02 3.11723e+02
1.52152e+02 3.11737e+02
1.53153e+02 3.11751e+02
1.54154e+02 3.11765e+02
1.55155e+02 3.11778e+02
1.56156e+02 3.11790e+02
1.57157e+02 3.11803e+02
1.58158e+02 3.11815e+02
1.59159e+02 3.11827e+02
1.60160e+02 3.11838e+02
1.61161e+02 3.11850e+02
1.62162e+02 3.11860e+02
1.63163e+02 3.11871e+02
1.64164e+02 3.11882e+02
1.65165e+02 3.11892e+02
1.66166e+02 3.11901e+02
1.67167e+02 3.11911e+02
1.68168e+02 3.11920e+02
1.69169e+02 3.11930e+02
1.70170e+02 3.11938e+02
1.71171e+02 3.11947e+02
1.72172e+02 3.11956e+02
1.73173e+02 3.11964e+02
1.74174e+02 3.11972e+02
1.75175e+02 3.11980e+02
1.76176e+02 3.11987e+02
1.77177e+02 3.11995e+02
1.78178e+02 3.12002e+02
1.79179e+02 3.12009e+02
1.80180e+02 3.12016e+02
1.81181e+02 3.12023e+02
1.82182e+02 3.12029e+02
1.83183e+02 3.12035e+02
1.84184e+02 3.12042e+02
1.85185e+02 3.12048e+02
1.86186e+02 3.12054e+02
1.87187e+02 3.12059e+02
1.88188e+02 3.12065e+02
1.89189e+02 3.12070e+02
1.90190e+02 3.12076e+02
1.91191e+02 3.12081e+02
1.92192e+02 3.12086e+02
1.93193e+02 3.12091e+02
1.94194e+02 3.12096e+02
1.95195e+02 3.12100e+02
1.96196e+02 3.12105e+02
1.97197e+02 3.12109e+02
1.98198e+02 3.12114e+02
1.99199e+02 3.12118e+02
