# --------------------------------------------------
#      SOLUTION
# 
# --------------------------------------------------
# 
# |time|node 0|...|node n|
# 
0.00000e+00 2.85150e+02
1.00100e+00 2.86669e+02
2.00200e+00 2.87332e+02
3.00300e+00 2.87978e+02
4.00400e+00 2.88608e+02
5.00501e+00 2.89222e+02
6.00601e+00 2.89821e+02
7.00701e+00 2.90404e+02
8.00801e+00 2.90972e+02
9.00901e+00 2.91526e+02
1.00100e+01 2.92066e+02
1.10110e+01 2.92592e+02
1.20120e+01 2.93105e+02
1.30130e+01 2.93605e+02
1.40140e+01 2.94092e+02
1.50150e+01 2.94566e+02
1.60160e+01 2.95029e+02
1.70170e+01 2.95480e+02
1.80180e+01 2.95919e+02
1.90190e+01 2.96347e+02
2.00200e+01 2.96765e+02
2.10210e+01 2.97171e+02
2.20220e+01 2.97568e+02
2.30230e+01 2.97954e+02
2.40240e+01 2.98331e+02
2.50250e+01 2.98698e+02
2.60260e+01 2.99055e+02
2.70270e+01 2.99404e+02
2.80280e+01 2.99743e+02
2.90290e+01 3.00074e+02
3.00300e+01 3.00397e+02
3.10310e+01 3.00711e+02
3.20320e+01 3.01018e+02
3.30330e+01 3.01316e+02
3.40340e+01 3.01607e+02
3.50350e+01 3.01891e+02
3.60360e+01 3.02167e+02
3.70370e+01 3.02437e+02
3.80380e+01 3.02699e+02
3.90390e+01 3.02955e+02
4.00400e+01 3.03205e+02
4.10410e+01 3.03448e+02
4.20420e+01 3.03685e+02
4.30430e+01 3.03915e+02
4.40440e+01 3.04140e+02
4.50450e+01 3.04360e+02
4.60460e+01 3.04573e+02
4.70470e+01 3.04782e+02
4.80480e+01 3.04985e+02
4.90490e+01 3.05182e+02
5.00501e+01 3.05375e+02
5.10511e+01 3.05563e+02
5.20521e+01 3.05746e+02
5.30531e+01 3.05925e+02
5.40541e+01 3.06099e+02
5.50551e+01 3.06268e+02
5.60561e+01 3.06433e+02
5.70571e+01 3.06594e+02
5.80581e+01 3.06751e+02
5.90591e+01 3.06904e+02
6.00601e+01 3.07053e+02
6.10611e+01 3.07198e+02
6.20621e+01 3.07340e+02
6.30631e+01 3.07478e+02
6.40641e+01 3.07612e+02
6.50651e+01 3.07743e+02
6.60661e+01 3.07871e+02
6.70671e+01 3.07995e+02
6.80681e+01 3.08117e+02
6.90691e+01 3.08235e+02
7.00701e+01 3.08350e+02
7.10711e+01 3.08462e+02
7.20721e+01 3.08572e+02
7.30731e+01 3.08678e+02
7.40741e+01 3.08782e+02
7.50751e+01 3.08884e+02
7.60761e+01 3.08982e+02
7.70771e+01 3.09079e+02
7.80781e+01 3.09172e+02
7.90791e+01 3.09264e+02
8.00801e+01 3.09353e+02
8.10811e+01 3.09440e+02
8.20821e+01 3.09524e+02
8.30831e+01 3.09607e+02
8.40841e+01 3.09687e+02
8.50851e+01 3.09765e+02
8.60861e+01 3.09842e+02
8.70871e+01 3.09916e+02
8.80881e+01 3.09988e+02
8.90891e+01 3.10059e+02
9.00901e+01 3.10128e+02
9.10911e+01 3.10195e+02
9.20921e+01 3.10260e+02
9.30931e+01 3.10324e+02
9.40941e+01 3.10386e+02
9.50951e+01 3.10447e+02
9.60961e+01 3.10506e+02
9.70971e+01 3.10563e+02
9.80981e+01 3.10619e+02
9.90991e+01 3.10674e+02
1.00100e+02 3.10727e+02
1.01101e+02 3.10779e+02
1.02102e+02 3.10830e+02
1.03103e+02 3.10879e+02
1.04104e+02 3.10927e+02
1.05105e+02 3.10974e+02
1.06106e+02 3.11019e+02
1.07107e+02 3.11064e+02
1.08108e+02 3.11107e+02
1.09109e+02 3.11149e+02
1.10110e+02 3.11190e+02
1.11111e+02 3.11230e+02
1.12112e+02 3.11269e+02
1.13113e+02 3.11308e+02
1.14114e+02 3.11345e+02
1.15115e+02 3.11381e+02
1.16116e+02 3.11416e+02
1.17117e+02 3.11450e+02
1.18118e+02 3.11484e+02
1.19119e+02 3.11517e+02
1.20120e+02 3.11548e+02
1.21121e+02 3.11579e+02
1.22122e+02 3.11610e+02
1.23123e+02 3.11639e+02
1.24124e+02 3.11668e+02
1.25125e+02 3.11696e+02
1.26126e+02 3.11723e+02
1.27127e+02 3.11749e+02
1.28128e+02 3.11775e+02
1.29129e+02 3.11801e+02
1.30130e+02 3.11825e+02
1.31131e+02 3.11849e+02
1.32132e+02 3.11872e+02
1.33133e+02 3.11895e+02
1.34134e+02 3.11917e+02
1.35135e+02 3.11939e+02
1.36136e+02 3.11960e+02
1.37137e+02 3.11981e+02
1.38138e+02 3.12001e+02
1.39139e+02 3.12020e+02
1.40140e+02 3.12039e+02
1.41141e+02 3.12058e+02
1.42142e+02 3.12076e+02
1.43143e+02 3.12093e+02
1.44144e+02 3.12110e+02
1.45145e+02 3.12127e+02
1.46146e+02 3.12143e+02
1.47147e+02 3.12159e+02
1.48148e+02 3.12175e+02
1.49149e+02 3.12190e+02
1.50150e+02 3.12204e+02
1.51151e+02 3.12219e+02
1.52152e+02 3.12233e+02
1.53153e+02 3.12246e+02
1.54154e+02 3.12260e+02
1.55155e+02 3.12273e+02
1.56156e+02 3.12285e+02
1.57157e+02 3.12297e+02
1.58158e+02 3.12309e+02
1.59159e+02 3.12321e+02
1.60160e+02 3.12332e+02
1.61161e+02 3.12343e+02
1.62162e+02 3.12354e+02
1.63163e+02 3.12365e+02
1.64164e+02 3.12375e+02
1.65165e+02 3.12385e+02
1.66166e+02 3.12395e+02
1.67167e+02 3.12404e+02
1.68168e+02 3.12413e+02
1.69169e+02 3.12422e+02
1.70170e+02 3.12431e+02
1.71171e+02 3.12440e+02
1.72172e+02 3.12448e+02
1.73173e+02 3.12456e+02
1.74174e+02 3.12464e+02
1.75175e+02 3.12472e+02
1.76176e+02 3.12479e+02
1.77177e+02 3.12487e+02
1.78178e+02 3.12494e+02
1.79179e+02 3.12501e+02
1.80180e+02 3.12508e+02
1.81181e+02 3.12514e+02
1.82182e+02 3.12521e+02
1.83183e+02 3.12527e+02
1.84184e+02 3.12533e+02
1.85185e+02 3.12539e+02
1.86186e+02 3.12545e+02
1.87187e+02 3.12550e+02
1.88188e+02 3.12556e+02
1.89189e+02 3.12561e+02
1.90190e+02 3.12567e+02
1.91191e+02 3.12572e+02
1.92192e+02 3.12577e+02
1.93193e+02 3.12582e+02
1.94194e+02 3.12586e+02
1.95195e+02 3.12591e+02
1.96196e+02 3.12595e+02
1.97197e+02 3.12600e+02
1.98198e+02 3.12604e+02
1.99199e+02 3.12608e+02
