# --------------------------------------------------
#      SOLUTION
# 
# --------------------------------------------------
# 
# |time|node 0|...|node n|
# 
0.00000e+00 2.85150e+02 2.85150e+02 2.85150e+02 2.85150e+02
1.00100e+00 2.92464e+02 2.86672e+02 2.86666e+02 2.85838e+02
2.00200e+00 2.93067e+02 2.87335e+02 2.87329e+02 2.86510e+02
3.00300e+00 2.93654e+02 2.87981e+02 2.87976e+02 2.87165e+02
4.00400e+00 2.94227e+02 2.88611e+02 2.88606e+02 2.87803e+02
5.00501e+00 2.94784e+02 2.89225e+02 2.89220e+02 2.88425e+02
6.00601e+00 2.95328e+02 2.89824e+02 2.89818e+02 2.89032e+02
7.00701e+00 2.95858e+02 2.90407e+02 2.90401e+02 2.89623e+02
8.00801e+00 2.96374e+02 2.90975e+02 2.90970e+02 2.90198e+02
9.00901e+00 2.96878e+02 2.91529e+02 2.91524e+02 2.90760e+02
1.00100e+01 2.97368e+02 2.92069e+02 2.92064e+02 2.91307e+02
1.10110e+01 2.97846e+02 2.92595e+02 2.92590e+02 2.91840e+02
1.20120e+01 2.98312e+02 2.93108e+02 2.93102e+02 2.92359e+02
1.30130e+01 2.98766e+02 2.93607e+02 2.93602e+02 2.92865e+02
1.40140e+01 2.99208e+02 2.94094e+02 2.94089e+02 2.93359e+02
1.50150e+01 2.99640e+02 2.94569e+02 2.94564e+02 2.93840e+02
1.60160e+01 3.00060e+02 2.95032e+02 2.95027e+02 2.94308e+02
1.70170e+01 3.00469e+02 2.95482e+02 2.95477e+02 2.94765e+02
1.80180e+01 3.00869e+02 2.95922e+02 2.95917e+02 2.95210e+02
1.90190e+01 3.01258e+02 2.96350e+02 2.96345e+02 2.95644e+02
2.00200e+01 3.01637e+02 2.96767e+02 2.96762e+02 2.96067e+02
2.10210e+01 3.02006e+02 2.97174e+02 2.97169e+02 2.96479e+02
2.20220e+01 3.02366e+02 2.97570e+02 2.97565e+02 2.96880e+02
2.30230e+01 3.02717e+02 2.97957e+02 2.97952e+02 2.97272e+02
2.40240e+01 3.03059e+02 2.98333e+02 2.98328e+02 2.97653e+02
2.50250e+01 3.03393e+02 2.98700e+02 2.98695e+02 2.98025e+02
2.60260e+01 3.03718e+02 2.99058e+02 2.99053e+02 2.98387e+02
2.70270e+01 3.04034e+02 2.99406e+02 2.99401e+02 2.98740e+02
2.80280e+01 3.04343e+02 2.99746e+02 2.99741e+02 2.99084e+02
2.90290e+01 3.04643e+02 3.00077e+02 3.00072e+02 2.99420e+02
3.00300e+01 3.04937e+02 3.00399e+02 3.00395e+02 2.99746e+02
3.10310e+01 3.05222e+02 3.00714e+02 3.00709e+02 3.00065e+02
3.20320e+01 3.05501e+02 3.01020e+02 3.01016e+02 3.00375e+02
3.30330e+01 3.05772e+02 3.01319e+02 3.01314e+02 3.00678e+02
3.40340e+01 3.06036e+02 3.01610e+02 3.01605e+02 3.00973e+02
3.50350e+01 3.06294e+02 3.01893e+02 3.01889e+02 3.01260e+02
3.60360e+01 3.06545e+02 3.02170e+02 3.02165e+02 3.01540e+02
3.70370e+01 3.06790e+02 3.02439e+02 3.02435e+02 3.01813e+02
3.80380e+01 3.07028e+02 3.02702e+02 3.02697e+02 3.02079e+02
3.90390e+01 3.07261e+02 3.02957e+02 3.02953e+02 3.02338e+02
4.00400e+01 3.07487e+02 3.03207e+02 3.03203e+02 3.02591e+02
4.10410e+01 3.07708e+02 3.03450e+02 3.03446e+02 3.02837e+02
4.20420e+01 3.07923e+02 3.03687e+02 3.03683e+02 3.03077e+02
4.30430e+01 3.08133e+02 3.03918e+02 3.03913e+02 3.03311e+02
4.40440e+01 3.08338e+02 3.04143e+02 3.04138e+02 3.03539e+02
4.50450e+01 3.08537e+02 3.04362e+02 3.04358e+02 3.03761e+02
4.60460e+01 3.08731e+02 3.04575e+02 3.04571e+02 3.03978e+02
4.70470e+01 3.08920e+02 3.04784e+02 3.04780e+02 3.04189e+02
4.80480e+01 3.09105e+02 3.04987e+02 3.04983e+02 3.04394e+02
4.90490e+01 3.09284e+02 3.05185e+02 3.05180e+02 3.04595e+02
5.00501e+01 3.09459e+02 3.05377e+02 3.05373e+02 3.04790e+02
5.10511e+01 3.09630e+02 3.05565e+02 3.05561e+02 3.04980e+02
5.20521e+01 3.09796e+02 3.05748e+02 3.05744e+02 3.05166e+02
5.30531e+01 3.09959e+02 3.05927e+02 3.05923e+02 3.05347e+02
5.40541e+01 3.10117e+02 3.06101e+02 3.06097e+02 3.05523e+02
5.50551e+01 3.10271e+02 3.06270e+02 3.06266e+02 3.05695e+02
5.60561e+01 3.10421e+02 3.06435e+02 3.06431e+02 3.05862e+02
5.70571e+01 3.10567e+02 3.06596e+02 3.06592e+02 3.06025e+02
5.80581e+01 3.10709e+02 3.06753e+02 3.06749e+02 3.06184e+02
5.90591e+01 3.10848e+02 3.06906e+02 3.06902e+02 3.06339e+02
6.00601e+01 3.10984e+02 3.07055e+02 3.07051e+02 3.06490e+02
6.10611e+01 3.11116e+02 3.07200e+02 3.07196e+02 3.06637e+02
6.20621e+01 3.11244e+02 3.07342e+02 3.07338e+02 3.06780e+02
6.30631e+01 3.11370e+02 3.07480e+02 3.07476e+02 3.06920e+02
6.40641e+01 3.11492e+02 3.07614e+02 3.07610e+02 3.07056e+02
6.50651e+01 3.11611e+02 3.07745e+02 3.07741e+02 3.07189e+02
6.60661e+01 3.11727e+02 3.07873e+02 3.07869e+02 3.07319e+02
6.70671e+01 3.11840e+02 3.07997e+02 3.07994e+02 3.07445e+02
6.80681e+01 3.11950e+02 3.08119e+02 3.08115e+02 3.07567e+02
6.90691e+01 3.12057e+02 3.08237e+02 3.08233e+02 3.07687e+02
7.00701e+01 3.12162e+02 3.08352e+02 3.08348e+02 3.07804e+02
7.10711e+01 3.12264e+02 3.08464e+02 3.08461e+02 3.07918e+02
7.20721e+01 3.12364e+02 3.08574e+02 3.08570e+02 3.08029e+02
7.30731e+01 3.12460e+02 3.08680e+02 3.08677e+02 3.08137e+02
7.40741e+01 3.12555e+02 3.08784e+02 3.08781e+02 3.08242e+02
7.50751e+01 3.12647e+02 3.08886e+02 3.08882e+02 3.08345e+02
7.60761e+01 3.12737e+02 3.08984e+02 3.08981e+02 3.08445e+02
7.70771e+01 3.12824e+02 3.09081e+02 3.09077e+02 3.08542e+02
7.80781e+01 3.12909e+02 3.09174e+02 3.09171e+02 3.08637e+02
7.90791e+01 3.12992e+02 3.09266e+02 3.09262e+02 3.08730e+02
8.00801e+01 3.13073e+02 3.09355e+02 3.09351e+02 3.08820e+02
8.10811e+01 3.13152e+02 3.09441e+02 3.09438e+02 3.08908e+02
8.20821e+01 3.13229e+02 3.09526e+02 3.09522e+02 3.08993e+02
8.30831e+01 3.13304e+02 3.09608e+02 3.09605e+02 3.09077e+02
8.40841e+01 3.13377e+02 3.09689e+02 3.09685e+02 3.09158e+02
8.50851e+01 3.13448e+02 3.09767e+02 3.09763e+02 3.09238e+02
8.60861e+01 3.13517e+02 3.09843e+02 3.09840e+02 3.09315e+02
8.70871e+01 3.13585e+02 3.09918e+02 3.09914e+02 3.09390e+02
8.80881e+01 3.13651e+02 3.09990e+02 3.09987e+02 3.09464e+02
8.90891e+01 3.13715e+02 3.10061e+02 3.10057e+02 3.09535e+02
9.00901e+01 3.13777e+02 3.10130e+02 3.10126e+02 3.09605e+02
9.10911e+01 3.13838e+02 3.10197e+02 3.10193e+02 3.09673e+02
9.20921e+01 3.13898e+02 3.10262e+02 3.10259e+02 3.09739e+02
9.30931e+01 3.13956e+02 3.10326e+02 3.10322e+02 3.09804e+02
9.40941e+01 3.14012e+02 3.10388e+02 3.10384e+02 3.09867e+02
9.50951e+01 3.14067e+02 3.10449e+02 3.10445e+02 3.09928e+02
9.60961e+01 3.14121e+02 3.10508e+02 3.10504e+02 3.09988e+02
9.70971e+01 3.14173e+02 3.10565e+02 3.10561e+02 3.10046e+02
9.80981e+01 3.14224e+02 3.10621e+02 3.10617e+02 3.10103e+02
9.90991e+01 3.14273e+02 3.10676e+02 3.10672e+02 3.10158e+02
1.00100e+02 3.14322e+02 3.10729e+02 3.10725e+02 3.10212e+02
1.01101e+02 3.14369e+02 3.10781e+02 3.10777e+02 3.10265e+02
1.02102e+02 3.14415e+02 3.10831e+02 3.10828e+02 3.10316e+02
1.03103e+02 3.14459e+02 3.10881e+02 3.10877e+02 3.10366e+02
1.04104e+02 3.14503e+02 3.10929e+02 3.10925e+02 3.10414e+02
1.05105e+02 3.14546e+02 3.10975e+02 3.10972e+02 3.10462e+02
1.06106e+02 3.14587e+02 3.11021e+02 3.11017e+02 3.10508e+02
1.07107e+02 3.14627e+02 3.11065e+02 3.11062e+02 3.10553e+02
1.08108e+02 3.14667e+02 3.11109e+02 3.11105e+02 3.10597e+02
1.09109e+02 3.14705e+02 3.11151e+02 3.11147e+02 3.10640e+02
1.10110e+02 3.14742e+02 3.11192e+02 3.11188e+02 3.10681e+02
1.11111e+02 3.14779e+02 3.11232e+02 3.11229e+02 3.10722e+02
1.12112e+02 3.14814e+02 3.11271e+02 3.11268e+02 3.10762e+02
1.13113e+02 3.14849e+02 3.11309e+02 3.11306e+02 3.10800e+02
1.14114e+02 3.14883e+02 3.11346e+02 3.11343e+02 3.10838e+02
1.15115e+02 3.14916e+02 3.11383e+02 3.11379e+02 3.10874e+02
1.16116e+02 3.14948e+02 3.11418e+02 3.11414e+02 3.10910e+02
1.17117e+02 3.14979e+02 3.11452e+02 3.11449e+02 3.10945e+02
1.18118e+02 3.15009e+02 3.11486e+02 3.11482e+02 3.10979e+02
1.19119e+02 3.15039e+02 3.11518e+02 3.11515e+02 3.11012e+02
1.20120e+02 3.15068e+02 3.11550e+02 3.11547e+02 3.11044e+02
1.21121e+02 3.15096e+02 3.11581e+02 3.11578e+02 3.11075e+02
1.22122e+02 3.15123e+02 3.11611e+02 3.11608e+02 3.11106e+02
1.23123e+02 3.15150e+02 3.11641e+02 3.11637e+02 3.11136e+02
1.24124e+02 3.15176e+02 3.11669e+02 3.11666e+02 3.11165e+02
1.25125e+02 3.15202e+02 3.11697e+02 3.11694e+02 3.11193e+02
1.26126e+02 3.15226e+02 3.11725e+02 3.11721e+02 3.11221e+02
1.27127e+02 3.15250e+02 3.11751e+02 3.11748e+02 3.11248e+02
1.28128e+02 3.15274e+02 3.11777e+02 3.11774e+02 3.11274e+02
1.29129e+02 3.15297e+02 3.11802e+02 3.11799e+02 3.11300e+02
1.30130e+02 3.15319e+02 3.11827e+02 3.11823e+02 3.11324e+02
1.31131e+02 3.15341e+02 3.11851e+02 3.11847e+02 3.11349e+02
1.32132e+02 3.15362e+02 3.11874e+02 3.11871e+02 3.11372e+02
1.33133e+02 3.15383e+02 3.11897e+02 3.11893e+02 3.11395e+02
1.34134e+02 3.15403e+02 3.11919e+02 3.11916e+02 3.11418e+02
1.35135e+02 3.15423e+02 3.11941e+02 3.11937e+02 3.11440e+02
1.36136e+02 3.15442e+02 3.11962e+02 3.11958e+02 3.11461e+02
1.37137e+02 3.15460e+02 3.11982e+02 3.11979e+02 3.11482e+02
1.38138e+02 3.15479e+02 3.12002e+02 3.11999e+02 3.11502e+02
1.39139e+02 3.15496e+02 3.12022e+02 3.12018e+02 3.11522e+02
1.40140e+02 3.15514e+02 3.12041e+02 3.12037e+02 3.11541e+02
1.41141e+02 3.15530e+02 3.12059e+02 3.12056e+02 3.11560e+02
1.42142e+02 3.15547e+02 3.12077e+02 3.12074e+02 3.11578e+02
1.43143e+02 3.15563e+02 3.12095e+02 3.12092e+02 3.11596e+02
1.44144e+02 3.15578e+02 3.12112e+02 3.12109e+02 3.11613e+02
1.45145e+02 3.15594e+02 3.12129e+02 3.12125e+02 3.11630e+02
1.46146e+02 3.15608e+02 3.12145e+02 3.12142e+02 3.11647e+02
1.47147e+02 3.15623e+02 3.12161e+02 3.12158e+02 3.11663e+02
1.48148e+02 3.15637e+02 3.12176e+02 3.12173e+02 3.11679e+02
1.49149e+02 3.15650e+02 3.12192e+02 3.12188e+02 3.11694e+02
1.50150e+02 3.15664e+02 3.12206e+02 3.12203e+02 3.11709e+02
1.51151e+02 3.15677e+02 3.12221e+02 3.12217e+02 3.11723e+02
1.52152e+02 3.15690e+02 3.12234e+02 3.12231e+02 3.11737e+02
1.53153e+02 3.15702e+02 3.12248e+02 3.12245e+02 3.11751e+02
1.54154e+02 3.15714e+02 3.12261e+02 3.12258e+02 3.11765e+02
1.55155e+02 3.15726e+02 3.12274e+02 3.12271e+02 3.11778e+02
1.56156e+02 3.15737e+02 3.12287e+02 3.12283e+02 3.11790e+02
1.57157e+02 3.15748e+02 3.12299e+02 3.12296e+02 3.11803e+02
1.58158e+02 3.15759e+02 3.12311e+02 3.12308e+02 3.11815e+02
1.59159e+02 3.15770e+02 3.12323e+02 3.12319e+02 3.11827e+02
1.60160e+02 3.15780e+02 3.12334e+02 3.12331e+02 3.11838e+02
1.61161e+02 3.15790e+02 3.12345e+02 3.12342e+02 3.11850e+02
1.62162e+02 3.15800e+02 3.12356e+02 3.12352e+02 3.11860e+02
1.63163e+02 3.15809e+02 3.12366e+02 3.12363e+02 3.11871e+02
1.64164e+02 3.15819e+02 3.12377e+02 3.12373e+02 3.11882e+02
1.65165e+02 3.15828e+02 3.12387e+02 3.12383e+02 3.11892e+02
1.66166e+02 3.15837e+02 3.12396e+02 3.12393e+02 3.11901e+02
1.67167e+02 3.15845e+02 3.12406e+02 3.12402e+02 3.11911e+02
1.68168e+02 3.15854e+02 3.12415e+02 3.12412e+02 3.11920e+02
1.69169e+02 3.15862e+02 3.12424e+02 3.12421e+02 3.11930e+02
1.70170e+02 3.15870e+02 3.12433e+02 3.12429e+02 3.11938e+02
1.71171e+02 3.15878e+02 3.12441e+02 3.12438e+02 3.11947e+02
1.72172e+02 3.15885e+02 3.12450e+02 3.12446e+02 3.11956e+02
1.73173e+02 3.15893e+02 3.12458e+02 3.12454e+02 3.11964e+02
1.74174e+02 3.15900e+02 3.12466e+02 3.12462e+02 3.11972e+02
1.75175e+02 3.15907e+02 3.12474e+02 3.12470e+02 3.11980e+02
1.76176e+02 3.15914e+02 3.12481e+02 3.12478e+02 3.11987e+02
1.77177e+02 3.15920e+02 3.12488e+02 3.12485e+02 3.11995e+02
1.78178e+02 3.15927e+02 3.12496e+02 3.12492e+02 3.12002e+02
1.79179e+02 3.15933e+02 3.12503e+02 3.12499e+02 3.12009e+02
1.80180e+02 3.15939e+02 3.12509e+02 3.12506e+02 3.12016e+02
1.81181e+02 3.15945e+02 3.12516e+02 3.12512e+02 3.12023e+02
1.82182e+02 3.15951e+02 3.12522e+02 3.12519e+02 3.12029e+02
1.83183e+02 3.15957e+02 3.12529e+02 3.12525e+02 3.12035e+02
1.84184e+02 3.15962e+02 3.12535e+02 3.12531e+02 3.12042e+02
1.85185e+02 3.15968e+02 3.12541e+02 3.12537e+02 3.12048e+02
1.86186e+02 3.15973e+02 3.12547e+02 3.12543e+02 3.12054e+02
1.87187e+02 3.15978e+02 3.12552e+02 3.12549e+02 3.12059e+02
1.88188e+02 3.15983e+02 3.12558e+02 3.12554e+02 3.12065e+02
1.89189e+02 3.15988e+02 3.12563e+02 3.12560e+02 3.12070e+02
1.90190e+02 3.15993e+02 3.12568e+02 3.12565e+02 3.12076e+02
1.91191e+02 3.15998e+02 3.12573e+02 3.12570e+02 3.12081e+02
1.92192e+02 3.16002e+02 3.12578e+02 3.12575e+02 3.12086e+02
1.93193e+02 3.16006e+02 3.12583e+02 3.12580e+02 3.12091e+02
1.94194e+02 3.16011e+02 3.12588e+02 3.12585e+02 3.12096e+02
1.95195e+02 3.16015e+02 3.12593e+02 3.12589e+02 3.12100e+02
1.96196e+02 3.16019e+02 3.12597e+02 3.12594e+02 3.12105e+02
1.97197e+02 3.16023e+02 3.12602e+02 3.12598e+02 3.12109e+02
1.98198e+02 3.16027e+02 3.12606e+02 3.12602e+02 3.12114e+02
1.99199e+02 3.16031e+02 3.12610e+02 3.12607e+02 3.12118e+02
