#--------------------------------------------------
#
#     MESH
#
#--------------------------------------------------
# _____________________
# | node id |x pos[m] |
# |_________|_________|


wood
{
0     0.00000e+00
1     1.00000e-03
2     2.00000e-03
3     3.00000e-03
4     4.00000e-03
5     5.00000e-03
6     6.00000e-03
7     7.00000e-03
8     8.00000e-03
9     9.00000e-03
10     1.00000e-02
11     1.10000e-02
12     1.20000e-02
13     1.30000e-02
14     1.40000e-02
15     1.50000e-02
16     1.60000e-02
17     1.70000e-02
18     1.80000e-02
19     1.90000e-02
20     2.00000e-02
21     2.10000e-02
22     2.20000e-02
23     2.30000e-02
24     2.40000e-02
25     2.50000e-02
26     2.60000e-02
27     2.70000e-02
28     2.80000e-02
29     2.90000e-02
30     3.00000e-02
31     3.10000e-02
32     3.20000e-02
33     3.30000e-02
34     3.40000e-02
35     3.50000e-02
36     3.60000e-02
37     3.70000e-02
38     3.80000e-02
39     3.90000e-02
40     4.00000e-02
41     4.10000e-02
42     4.20000e-02
43     4.30000e-02
44     4.40000e-02
45     4.50000e-02
46     4.60000e-02
47     4.70000e-02
48     4.80000e-02
49     4.90000e-02
50     5.00000e-02
}

