#--------------------------------------------------
#
#     MESH
#
#--------------------------------------------------
# _____________________
# | node id |x pos[m] |
# |_________|_________|


ciment
{
0     0.00000e+00
1     2.00000e-04
2     4.00000e-04
3     6.00000e-04
4     8.00000e-04
5     1.00000e-03
6     1.20000e-03
7     1.40000e-03
8     1.60000e-03
9     1.80000e-03
10     2.00000e-03
11     2.20000e-03
12     2.40000e-03
13     2.60000e-03
14     2.80000e-03
15     3.00000e-03
16     3.20000e-03
17     3.40000e-03
18     3.60000e-03
19     3.80000e-03
20     4.00000e-03
21     4.20000e-03
22     4.40000e-03
23     4.60000e-03
24     4.80000e-03
25     5.00000e-03
26     5.20000e-03
27     5.40000e-03
28     5.60000e-03
29     5.80000e-03
30     6.00000e-03
31     6.20000e-03
32     6.40000e-03
33     6.60000e-03
34     6.80000e-03
35     7.00000e-03
36     7.20000e-03
37     7.40000e-03
38     7.60000e-03
39     7.80000e-03
40     8.00000e-03
41     8.20000e-03
42     8.40000e-03
43     8.60000e-03
44     8.80000e-03
45     9.00000e-03
46     9.20000e-03
47     9.40000e-03
48     9.60000e-03
49     9.80000e-03
50     1.00000e-02
51     1.02000e-02
52     1.04000e-02
53     1.06000e-02
54     1.08000e-02
55     1.10000e-02
56     1.12000e-02
57     1.14000e-02
58     1.16000e-02
59     1.18000e-02
60     1.20000e-02
61     1.22000e-02
62     1.24000e-02
63     1.26000e-02
64     1.28000e-02
65     1.30000e-02
66     1.32000e-02
67     1.34000e-02
68     1.36000e-02
69     1.38000e-02
70     1.40000e-02
71     1.42000e-02
72     1.44000e-02
73     1.46000e-02
74     1.48000e-02
75     1.50000e-02
76     1.52000e-02
77     1.54000e-02
78     1.56000e-02
79     1.58000e-02
80     1.60000e-02
81     1.62000e-02
82     1.64000e-02
83     1.66000e-02
84     1.68000e-02
85     1.70000e-02
86     1.72000e-02
87     1.74000e-02
88     1.76000e-02
89     1.78000e-02
90     1.80000e-02
91     1.82000e-02
92     1.84000e-02
93     1.86000e-02
94     1.88000e-02
95     1.90000e-02
96     1.92000e-02
97     1.94000e-02
98     1.96000e-02
99     1.98000e-02
100     2.00000e-02
}

brique
{
100     0.00000e+00
101     2.20000e-03
102     4.40000e-03
103     6.60000e-03
104     8.80000e-03
105     1.10000e-02
106     1.32000e-02
107     1.54000e-02
108     1.76000e-02
109     1.98000e-02
110     2.20000e-02
111     2.42000e-02
112     2.64000e-02
113     2.86000e-02
114     3.08000e-02
115     3.30000e-02
116     3.52000e-02
117     3.74000e-02
118     3.96000e-02
119     4.18000e-02
120     4.40000e-02
121     4.62000e-02
122     4.84000e-02
123     5.06000e-02
124     5.28000e-02
125     5.50000e-02
126     5.72000e-02
127     5.94000e-02
128     6.16000e-02
129     6.38000e-02
130     6.60000e-02
131     6.82000e-02
132     7.04000e-02
133     7.26000e-02
134     7.48000e-02
135     7.70000e-02
136     7.92000e-02
137     8.14000e-02
138     8.36000e-02
139     8.58000e-02
140     8.80000e-02
141     9.02000e-02
142     9.24000e-02
143     9.46000e-02
144     9.68000e-02
145     9.90000e-02
146     1.01200e-01
147     1.03400e-01
148     1.05600e-01
149     1.07800e-01
150     1.10000e-01
151     1.12200e-01
152     1.14400e-01
153     1.16600e-01
154     1.18800e-01
155     1.21000e-01
156     1.23200e-01
157     1.25400e-01
158     1.27600e-01
159     1.29800e-01
160     1.32000e-01
161     1.34200e-01
162     1.36400e-01
163     1.38600e-01
164     1.40800e-01
165     1.43000e-01
166     1.45200e-01
167     1.47400e-01
168     1.49600e-01
169     1.51800e-01
170     1.54000e-01
171     1.56200e-01
172     1.58400e-01
173     1.60600e-01
174     1.62800e-01
175     1.65000e-01
176     1.67200e-01
177     1.69400e-01
178     1.71600e-01
179     1.73800e-01
180     1.76000e-01
181     1.78200e-01
182     1.80400e-01
183     1.82600e-01
184     1.84800e-01
185     1.87000e-01
186     1.89200e-01
187     1.91400e-01
188     1.93600e-01
189     1.95800e-01
190     1.98000e-01
191     2.00200e-01
192     2.02400e-01
193     2.04600e-01
194     2.06800e-01
195     2.09000e-01
196     2.11200e-01
197     2.13400e-01
198     2.15600e-01
199     2.17800e-01
200     2.20000e-01
}

isolant
{
200     0.00000e+00
201     4.00000e-04
202     8.00000e-04
203     1.20000e-03
204     1.60000e-03
205     2.00000e-03
206     2.40000e-03
207     2.80000e-03
208     3.20000e-03
209     3.60000e-03
210     4.00000e-03
211     4.40000e-03
212     4.80000e-03
213     5.20000e-03
214     5.60000e-03
215     6.00000e-03
216     6.40000e-03
217     6.80000e-03
218     7.20000e-03
219     7.60000e-03
220     8.00000e-03
221     8.40000e-03
222     8.80000e-03
223     9.20000e-03
224     9.60000e-03
225     1.00000e-02
226     1.04000e-02
227     1.08000e-02
228     1.12000e-02
229     1.16000e-02
230     1.20000e-02
231     1.24000e-02
232     1.28000e-02
233     1.32000e-02
234     1.36000e-02
235     1.40000e-02
236     1.44000e-02
237     1.48000e-02
238     1.52000e-02
239     1.56000e-02
240     1.60000e-02
241     1.64000e-02
242     1.68000e-02
243     1.72000e-02
244     1.76000e-02
245     1.80000e-02
246     1.84000e-02
247     1.88000e-02
248     1.92000e-02
249     1.96000e-02
250     2.00000e-02
251     2.04000e-02
252     2.08000e-02
253     2.12000e-02
254     2.16000e-02
255     2.20000e-02
256     2.24000e-02
257     2.28000e-02
258     2.32000e-02
259     2.36000e-02
260     2.40000e-02
261     2.44000e-02
262     2.48000e-02
263     2.52000e-02
264     2.56000e-02
265     2.60000e-02
266     2.64000e-02
267     2.68000e-02
268     2.72000e-02
269     2.76000e-02
270     2.80000e-02
271     2.84000e-02
272     2.88000e-02
273     2.92000e-02
274     2.96000e-02
275     3.00000e-02
276     3.04000e-02
277     3.08000e-02
278     3.12000e-02
279     3.16000e-02
280     3.20000e-02
281     3.24000e-02
282     3.28000e-02
283     3.32000e-02
284     3.36000e-02
285     3.40000e-02
286     3.44000e-02
287     3.48000e-02
288     3.52000e-02
289     3.56000e-02
290     3.60000e-02
291     3.64000e-02
292     3.68000e-02
293     3.72000e-02
294     3.76000e-02
295     3.80000e-02
296     3.84000e-02
297     3.88000e-02
298     3.92000e-02
299     3.96000e-02
300     4.00000e-02
}

