#--------------------------------------------------
#
#     MESH
#
#--------------------------------------------------
# _____________________
# | node id |x pos[m] |
# |_________|_________|


mat
{
0     1.00000e-01
1     1.08800e-01
2     1.17600e-01
3     1.26400e-01
4     1.35200e-01
5     1.44000e-01
6     1.52800e-01
7     1.61600e-01
8     1.70400e-01
9     1.79200e-01
10     1.88000e-01
11     1.96800e-01
12     2.05600e-01
13     2.14400e-01
14     2.23200e-01
15     2.32000e-01
16     2.40800e-01
17     2.49600e-01
18     2.58400e-01
19     2.67200e-01
20     2.76000e-01
21     2.84800e-01
22     2.93600e-01
23     3.02400e-01
24     3.11200e-01
25     3.20000e-01
}

